327,855
7,71
25,175
9,74
6,45
0,36
5,35
55,386
4,30
27,68
14,52
6,59
2,40
7,43
9,49
3,33
6,45
8,63
7,52
13,69
2,36
10,35
19,75
8,46
19,76
23,113
3,40
29,77
48,150
39,129
14,97
29,154
13,96
17,84
13,98
49,169
17,103
34,132
121,544
59,266
334,1166
2,50
215,1140
24,109
114,404
0,58
2,22
3,51
2,26
8,53
2,46
2,64
9,81
9,39
429,981
74,174
17,75
2,32
0,58
12,66
2,48
6,37
9,52
1,36
2,50
3,12
25,146
8,45
27,398
6,71
1,39
25,88
0,19
2,9
1139,2825
19,79
0,4
375,1115
18,97
25,37
5,56
3,21
77,419
0,4
1,67
6,45
27,76
4,81
70,283
0,13
0,1
0,18
0,3
0,7
25,65
0,3
147,401
4,26
0,9
3,30
19,78
0,2
56,286
415,1039
7,73
34,159
6,33
11,62
0,14
0,38
100,338
2,19
2,10
0,20
0,4
0,8
0,3
0,7
0,4
265,1301
873,2609
1,24
55,196
0,5
2,23
0,3
3,58
114,418
0,6
130,1272
18,98
2,26
156,519
18,77
0,5
0,28
0,6
9,42
2,33
1,13
0,6
83,263
99,205
6,75
5,41
226,670
1,10
9,156
0,5
0,3
55,160
5,79
1,27
0,21
0,6
62,173
20,74
5,53
2284,6807
142,526
1,41
0,3
32,174
0,6
0,4
0,7
0,12
3,79
74,166
1,37
5,28
1,31
9,37
3,39
5,35
4,20
3,13
5,49
8,51
4,35
4,41
13,80
39,226
3,23
168,441
266,638
0,24
0,40
0,2
0,21
6,75
2,34
3,32
0,9
0,9
7,50
10,61
5,60
3,51
0,7
3,33
30,94
338,897
0,11
20,97
14,150
0,21
13,59
0,22
0,20
23,94
0,2
0,30
0,18
0,2
0,7
2,32
0,13
8,42
15,68
0,2
0,4
27,100
9,68
0,5
16,80
583,1996
3,43
119,288
78,553
0,13
0,6
7,17
0,96
7,102
0,19
3,25
1,19
6,40
0,5
5,56
3,43
118,470
4,29
3,64
2,61
9,66
8,140
5,55
1,17
0,5
5,83
3,24
1,28
101,318
10,58
175,387
11,47
0,12
30,123
44,406
15,52
77,193
12,76
297,1115
581,2957
172,660
253,681
5,181
504,1375
320,1962
100,374
28,193
3,21
27,122
2,75
275,765
4,22
6,43
46,220
12,155
49,243
142,2443
60,291
10,111
4,89
42,177
0,10
0,21
91,481
0,12
5,25
3,21
21,100
5,89
22,124
59,157
21,137
61,236
3,22
33,120
0,28
2,20
267,975
521,1813
173,354
180,539
5,22
0,3
41,102
3,70
2,23
11,52
27,165
0,33
21,124
2,24
53,120
2218,6514
6,35
6,77
0,6
4,80
1,43
256,681
86,199
0,22
19,99
1,32
199,577
1,7
0,4
180,561
5,36
99,558
0,30
0,5
1,11
0,17
1,10
136,387
75,229
40,209
0,8
0,5
2,22
3,56
0,16
50,111
1,13
1,13
18,58
2,25
0,30
13,115
0,3
9,84
0,4
47,172
0,3
45,133
76,224
51,154
3,38
1,25
1,12
20,88
27,132
4,34
0,13
23,97
0,8
104,434
0,18
0,3
0,3
24,143
5,71
6,67
3,47
35,103
5,16
3,47
13,32
0,10
4,42
1,75
5,68
0,10
12,48
0,28
0,6
7,34
216,494
982,2988
0,3
2,27
10,141
95,441
56,156
424,1083
0,29
56,278
184,457
135,318
0,26
77,212
0,23
1,6
10,87
5,18
55,238
1,36
8,34
0,9
182,465
0,9
0,6
0,5
0,7
1,28
0,8
113,306
15,79
32,123
0,27
0,7
9,65
20,81
0,9
3,164
2,24
0,3
17,77
10,55
102,432
3,55
8,36
142,441
3,23
78,304
6,60
87,210
143,417
113,376
0,2
2,32
0,3
4,47
3,40
24,166
10,91
1,5
25,119
2,14
0,20
3,33
72,239
20,108
6,59
1,23
22,76
1,21
1,8
951,2301
49,95
34,262
1,7
140,384
24,125
1,28
0,6
363,1025
13,122
6,35
0,2
14,79
866,2309
8,75
1,15
18,94
13,63
5,46
1,19
0,4
80,253
212,1810
79,250
1,61
7,124
9,83
37,186
0,2
0,1
0,7
10,52
3,47
0,16
1,25
1,12
41,143
1275,2930
1,32
6,37
1806,3677
17,103
1,35
0,21
36,164
3,61
0,12
1,22
0,7
95,444
2,43
164,537
158,513
50,459
71,196
47,278
4,30
1,80
14,208
189,698
2,38
0,5
8,63
3,62
3,34
0,14
20,162
14,97
13,115
6,45
11,90
3,83
0,24
23,95
0,5
3,31
9,91
1,8
2,13
0,10
0,8
0,53
0,9
6,14
6,51
3,34
2,22
0,15
1,172
4,23
7,48
0,4
0,19
15,119
0,21
12,151
1,88
4,43
0,21
27,199
3,28
0,17
0,8
4,33
8,28
6,37
1,21
571,1320
0,18
33,106
0,6
1,8
0,4
0,17
1,5
29,124
0,19
0,15
2,31
4,43
4,40
1,26
15,39
1,9
0,4
0,12
1,6
57,190
12,68
20,96
4,32
1,19
103,291
296,618
0,3
117,467
35,191
0,10
0,5
13,65
8,102
1,27
89,410
1,23
2,17
124,463
41,115
7,24
32,104
0,4
1,81
0,7
0,2
5,19
124,341
1,14
0,8
34,65
8,41
621,1572
26,95
94,417
9,43
5,114
0,12
3,18
17,42
0,12
39,113
0,10
0,4
0,6
0,3
0,11
2,25
143,614
22,50
1,29
4,27
6,77
0,2
0,6
6,21
0,6
0,6
2,25
161,696
24,132
63,172
48,104
11,73
16,87
10,58
5,40
63,193
18,58
1,4
24,66
0,9
0,3
4,24
1,60
0,32
0,3
0,2
196,547
0,17
0,2
9,60
41,143
40,111
1,36
0,2
9,43
34,155
102,302
0,5
42,96
7,25
12,93
0,21
74,242
2,19
1,12
5,79
5,43
9,35
206,487
25,85
0,4
48,173
18,51
1,39
0,3
66,192
4,12
118,355
47,155
5,15
0,10
385,947
81,202
201,557
4,37
105,317
10,53
10,98
0,2
317,832
0,16
485,1783
1,15
1,15
140,399
8,42
41,157
116,485
1,28
3,36
16,64
0,22
3,38
2,10
107,150
0,3
1,13
2,27
239,1349
0,2
0,6
0,9
4,58
75,212
1575,3695
5,38
0,2
0,5
391,1068
0,2
0,1
26,134
16,36
9,134
112,435
241,696
1,27
0,11
1,82
0,6
7,68
15,46
66,304
1,20
0,19
57,270
2,43
0,12
2,15
3,55
0,9
0,3
1,3
9,42
20,52
0,6
3,19
10,45
3,51
0,3
45,203
250,630
0,3
0,11
84,344
0,6
66,249
8,56
0,6
0,2
6,36
6,39
0,23
68,166
23,266
0,10
1459,4171
5,55
170,612
0,2
20,142
16,59
60,256
2,10
14,146
30,166
1,15
2,12
51,175
33,124
1,6
8,37
0,3
30,109
5,90
0,2
0,7
52,225
94,293
1,9
0,9
1,58
0,2
9,39
7,46
0,7
2,29
33,305
13,58
0,10
0,22
12,50
18,37
1,2
0,4
9,75
85,283
37,172
7,16
17,65
2,41
30,147
3,15
58,332
3,14
0,2
7,124
7,32
173,487
4,40
23,100
0,7
11,48
18,99
29,252
2,11
1,15
22,110
34,92
81,226
17,74
1,15
0,7
0,8
0,24
21,80
68,148
3,12
2,9
0,4
2,47
73,244
0,4
214,514
0,36
93,152
31,55
80,1025
0,13
503,1359
21,382
19,66
593,1763
522,1175
1,8
5,34
197,719
54,182
0,5
0,8
1,31
83,288
14,56
0,2
69,292
20,70
0,5
16,129
0,6
14,43
2,29
33,148
123,415
15,42
7,47
0,9
23,155
1,17
0,3
1,19
0,25
0,22
2,16
0,3
15,50
1,42
127,341
171,616
0,23
3,33
12,37
10,39
3,64
1,34
0,5
3,12
25,125
6,79
13,102
8,107
152,550
1,17
1,25
0,14
64,259
35,161
9,37
284,690
0,4
1,7
0,4
35,108
0,12
364,745
0,3
0,4
14,113
0,4
1,27
0,5
1,9
52,137
0,4
189,621
0,3
6,47
1446,3389
0,5
0,1
27,102
9,47
68,320
0,0
21,95
2,84
11,51
2,50
0,3
10,93
5,49
16,156
1,8
8,55
17,63
62,238
0,9
1,11
0,8
1936,5193
1,22
4,50
1,40
159,385
8,91
0,2
0,3
10,133
9,34
19,38
17,47
1,61
13,75
0,2
18,69
1,16
4,34
5,50
0,12
2,11
109,309
0,1
19,273
0,5
0,5
66,199
1,5
0,22
102,188
2,23
5,51
7,53
251,516
721,2739
23,74
108,267
1,29
0,20
0,7
0,22
2,16
0,6
0,2
0,4
53,313
0,13
10,65
0,19
36,107
0,14
45,208
0,5
2,14
2,8
7,60
0,8
0,9
15,43
0,4
0,2
0,11
1,29
40,222
0,5
0,5
1,35
68,216
0,2
11,36
181,625
16,115
99,337
3,62
6,26
0,4
13,109
14,92
1,21
17,289
0,3
2,24
0,15
8,53
2,6
0,22
39,75
7,57
0,17
0,8
0,13
102,314
1,28
6,44
5,62
1,21
9,87
5,41
0,3
13,72
4,27
0,9
3,25
2,36
4,46
24,128
2,19
6,88
0,42
0,12
38,175
0,6
80,291
0,3
0,29
5,40
5,41
70,249
130,361
1,18
1,15
0,29
0,15
7,27
10,39
2,24
13,64
0,11
104,335
0,5
245,990
468,1369
5,45
1,37
7,53
117,574
3,49
17,124
0,4
7,42
40,146
143,465
2,29
18,67
9,83
2,23
4,47
3,29
2,15
4,36
293,849
83,226
3,25
24,243
1,28
3,13
52,169
0,17
2,17
49,79
2,30
3,27
0,25
0,5
4,61
7,33
13,212
2,35
0,5
1,22
0,25
0,14
271,1351
0,31
540,1661
2,41
0,6
2292,6670
342,784
18,132
33,258
6,44
1,25
1,53
1,19
2,33
5,49
2,21
17,84
4,35
4,20
1,26
0,6
0,3
2,19
18,104
490,1561
1,24
0,13
2,40
5,21
14,34
6,111
7,118
14,33
121,414
0,11
0,6
0,12
34,149
316,804
3,68
9,57
106,251
44,245
12,78
6,28
0,6
295,499
0,9
4,10
30,472
1,104
1,9
8,37
0,11
4,58
0,10
4,33
12,78
11,86
16,52
4,23
2,42
0,16
6,21
1,20
14,76
0,2
3,72
16,132
297,855
206,532
6,22
60,281
1,18
1,15
8,28
208,467
73,365
6,95
7,31
6,19
130,436
83,291
144,454
929,3645
12,54
39,116
0,2
56,105
84,295
11,50
0,2
92,140
4,72
1,18
1,10
0,8
0,10
4,37
0,2
143,442
5,125
0,2
64,149
1,11
36,113
0,13
5,25
3,17
6,51
73,205
0,6
76,173
1199,3638
92,251
0,2
0,2
1,50
425,2475
8,144
18,66
9,40
18,99
0,7
26,274
15,72
2,53
10,36
3,50
0,5
5,57
2,22
1,12
4,6
0,14
271,859
27,208
10,35
0,4
93,382
35,164
16,123
7,21
5,38
204,913
563,1881
17,90
0,3
3,66
3,17
2,16
392,580
0,15
3,30
1,112
0,21
1,14
0,10
0,3
13,175
14,44
45,138
154,537
147,292
0,20
17,77
18,109
0,6
133,574
0,13
2,51
53,125
0,17
2,64
1,38
0,29
3,31
0,14
7,41
6,88
2,15
2,45
0,22
1,14
9,53
6,107
13,60
0,3
0,13
0,25
0,5
85,326
1,59
4,50
0,11
5,25
13,79
389,878
0,2
24,188
3,35
175,674
5,50
10,66
1,6
0,6
0,9
41,117
1,9
3,24
0,2
145,425
0,2
38,350
5,37
112,275
5,33
3,20
41,129
17,150
0,6
11,39
139,800
0,6
0,5
1,32
6,86
5,18
19,92
0,5
243,588
52,96
0,19
91,371
166,474
1,5
7,120
6,52
251,784
5,108
42,150
5,34
10,64
2,35
5,49
0,15
3,52
45,202
0,14
7,80
393,1028
461,992
0,51
0,3
59,145
1379,5791
6,21
140,386
4,19
34,176
109,314
1,18
0,20
225,518
111,249
1,7
10,47
59,190
39,163
1,22
4,79
1,14
11,83
0,32
1,39
971,2812
7,72
0,16
55,152
6,47
189,386
2,20
357,837
20,94
16,76
0,26
0,7
22,76
30,74
0,25
4,95
16,124
1,24
5,56
0,60
11,124
14,92
55,359
63,288
359,1049
14,30
19,61
212,518
73,273
14,33
0,6
0,3
18,123
29,91
8,36
7,13
0,3
51,251
2,21
21,102
15,47
91,308
16,90
81,310
0,7
22,121
0,6
0,5
0,20
0,5
10,100
1,29
12,47
0,2
32,105
0,7
474,1442
4,51
1,8
8,97
7,50
49,160
167,511
5,43
1,14
43,167
39,85
84,318
7,54
1,25
45,185
2,28
0,20
301,888
120,362
1,14
0,15
7,49
19,155
70,253
0,3
0,6
9,46
46,117
56,231
364,1015
0,2
32,187
6,28
30,201
170,604
1,17
10,100
0,17
1,33
214,755
42,142
414,698
1,5
0,8
0,8
0,21
18,54
0,5
7,55
3,22
17,47
4,38
14,46
19,81
0,5
6,29
0,2
0,32
3,49
1,9
0,4
0,5
1,9
0,4
4,87
11,30
44,151
36,200
23,117
0,5
123,492
0,3
0,4
0,6
0,5
23,165
16,72
0,20
134,480
0,2
0,10
0,3
0,3
1,5
127,649
1,20
452,1047
0,2
4,64
30,132
1,18
1,61
1,8
0,23
3,27
1,12
8,84
5,48
0,16
3,24
3,31
1,48
6,45
3,41
0,5
23,79
0,7
2,49
1,24
4,8
0,8
179,519
36,157
0,5
2,5
0,18
51,204
11,59
0,2
3,18
49,173
0,4
1,2
27,89
4,34
30,91
3,36
0,7
103,269
23,105
0,25
105,296
138,684
0,17
121,403
4,53
15,57
88,295
3,19
1,35
59,205
12,33
0,2
0,4
1,22
0,4
8,35
80,350
16,72
0,8
7,40
0,29
0,8
110,359
52,118
3,30
0,3
0,4
0,3
0,42
2,46
0,12
372,1446
0,6
46,126
17,122
0,9
4,23
0,3
1,3
60,231
0,4
1,6
232,541
13,84
23,89
0,3
12,89
0,11
17,51
25,158
19,135
5,29
12,60
18,79
21,41
2,24
3,35
5,27
52,291
0,10
0,15
185,553
224,799
0,8
1201,3782
30,161
0,6
48,272
0,6
4,25
317,961
8,63
25,98
0,4
1,10
5,28
1,12
1,18
2,57
32,323
56,139
3,37
1,8
2,44
6,29
0,10
5,22
0,5
96,149
656,1725
0,11
15,73
67,230
4,63
40,143
22,75
0,27
4,22
1,15
2,52
1,7
0,3
12,48
0,11
25,118
0,37
5,32
50,199
0,4
4,16
0,6
0,3
5,50
0,29
0,27
0,5
0,2
0,3
0,2
0,6
13,39
9,62
51,222
2,24
0,2
1,30
18,62
0,11
52,372
1,45
10,117
10,41
493,1235
0,5
6,44
0,28
362,1783
86,382
54,216
0,3
4,50
2,36
55,138
4,40
2,6
3,16
8,48
1,9
1,47
22,70
5,66
9,87
0,2
11,41
0,6
450,1115
29,78
14,53
0,6
3,5
159,661
1,29
4,10
113,2011
71,441
0,3
0,2
0,5
0,10
35,52
70,178
0,2
0,24
0,1
82,285
0,2
0,7
2,12
1,21
24,87
23,141
0,13
0,11
0,4
3,11
5,13
31,281
4,38
31,112
4,38
1,22
19,37
1,3
0,13
4,65
0,11
72,294
0,32
6,65
0,6
1,24
14,52
0,1
750,1933
0,36
0,3
16,57
6,68
0,5
642,1320
1,4
0,5
13,58
172,494
2,38
156,441
2,33
0,8
1,14
3,31
1,11
0,2
2,35
1021,1970
0,6
1,17
1,25
3,29
11,65
13,104
2,9
14,96
34,289
6,35
1,5
14,83
6,38
336,936
31,191
0,16
0,7
2396,8455
12,51
13,45
398,1129
0,2
10,43
3,71
14,36
34,105
5,33
0,5
3,26
71,164
0,2
5,17
0,6
0,3
3,11
121,444
0,5
14,75
2,33
2,25
221,612
217,599
0,9
29,156
92,437
1,56
1,30
2,30
0,22
1,33
0,6
0,33
0,1
0,21
418,1029
184,434
1,11
6,37
0,3
0,2
9,54
708,1213
0,17
0,14
30,81
22,94
3,33
6,17
0,3
0,6
4,36
1,15
0,5
0,6
0,3
2,18
5,12
5,25
51,207
1,14
4,59
0,2
0,4
0,9
0,4
0,21
204,807
0,17
1,3
0,4
0,2
150,381
0,4
0,5
0,16
14,81
41,143
36,149
4,26
9,80
75,263
0,2
1,32
0,2
0,6
54,277
15,192
0,10
0,4
1,20
0,6
0,14
0,6
0,1
32,523
7,58
0,25
6,66
0,3
12,93
0,27
1,55
1,28
26,98
0,5
1,22
0,3
0,18
0,18
25,85
4,27
66,253
0,2
10,39
0,8
120,295
3,54
0,9
214,515
10,106
4,32
0,12
5,73
0,3
43,448
111,244
0,14
0,6
0,2
1,19
0,11
0,5
18,142
0,6
51,208
1,14
0,19
0,15
1,3
0,27
2,7
13,57
688,2214
3,12
0,6
3,13
28,139
0,2
15,81
0,18
14,142
70,264
1,38
90,297
2,35
34,391
12,58
3,31
3,14
0,15
13,94
6,10
0,5
57,109
0,2
15,77
46,126
0,4
8,44
0,2
1,20
83,409
104,329
0,12
7,25
5,48
0,25
14,58
0,9
3,12
46,434
0,21
3,25
2,12
0,5
4,45
1,51
7,103
8,74
0,6
28,160
22,81
5,20
1,8
1,20
0,8
17,114
7,21
36,182
119,358
0,10
4,19
1,101
23,101
0,3
5,14
143,369
55,241
6,90
18,39
57,164
0,11
1,6
1,8
505,1407
0,2
0,12
0,30
0,33
0,3
0,7
3,33
49,170
1,18
114,359
2,20
2,46
0,3
1,31
4,46
7,31
2,7
57,250
37,186
0,8
15,85
0,2
0,33
1,16
0,22
0,8
0,8
0,32
4,30
6,54
0,37
30,259
30,105
0,5
37,132
5,43
6,60
7,125
0,16
0,6
10,97
7,43
0,27
0,4
1,41
2,12
11,101
14,160
4,31
19,145
40,212
3,26
0,35
1,54
10,36
0,113
137,441
0,8
19,54
10,65
2,15
11,71
7,52
114,482
1,30
6,24
326,923
8,105
0,5
0,3
37,175
0,33
0,32
0,4
5,15
1,31
425,1178
0,4
0,13
0,48
1,17
0,12
4,57
0,4
8,268
4,40
64,179
6,70
20,78
0,19
0,26
1544,3380
2,32
14,84
8,57
6,51
3,42
10,36
74,279
444,1186
30,146
53,153
0,2
29,115
0,38
17,56
21,71
25,229
726,1439
147,619
0,22
1,14
2,68
0,51
1,21
11,42
5,40
0,5
8,78
7,83
12,90
0,8
3,12
54,210
0,14
0,32
1,41
16,36
2,84
0,7
1,33
0,21
0,27
2,8
8,43
10,51
4,66
0,11
82,186
29,112
91,513
238,635
13,103
0,15
1,24
0,27
5,87
0,12
0,2
0,2
0,2
5,50
1,17
15,68
742,1858
2,36
6,33
0,6
44,130
0,4
0,7
4,56
0,5
41,196
22,83
162,483
98,288
3,27
0,14
3,5
3,25
0,4
5,107
1035,2392
2,45
3,37
5,64
4,8
14,77
221,779
0,5
0,3
0,21
18,44
3,19
4,18
37,172
0,5
0,2
0,40
5,30
0,5
41,171
29,107
0,24
10,68
4,42
1,42
12,73
109,277
16,83
461,1998
18,67
0,5
15,163
136,609
1,25
5,50
1,18
0,10
3,28
853,5686
170,586
390,829
24,102
12,53
339,1728
177,2778
0,4
35,135
373,812
12,70
1181,2417
10,58
8,44
67,193
31,164
445,1628
6,51
0,2
221,498
2,7
33,138
0,0
275,1453
33,158
190,814
18,108
2,30
18,74
70,201
2,12
87,242
41,184
30,122
2,24
71,212
44,295
9,51
32,114
39,194
20,73
14,62
0,5
24,94
1,30
1,21
8,19
14,71
0,9
55,153
3,28
3090,10668
10,49
0,3
7,34
0,14
1,16
7,37
0,2
5,51
14,332
33,154
22,82
95,319
21,99
0,13
2,45
0,12
0,21
7,23
3,17
1,27
2,11
3,22
10,70
5,24
51,191
347,1218
22,132
47,241
2,25
46,121
4,38
0,5
5,66
3,12
0,3
4,17
0,4
1,10
1,21
2,26
0,26
5,44
0,36
0,6
4,54
24,155
2,28
5,61
7,30
21,47
10,78
50,130
0,24
280,912
0,6
2,18
23,121
0,11
6,60
1,12
0,19
2,90
142,394
14,77
47,217
12,91
0,33
0,22
4,35
40,135
12,128
3,16
3,37
99,404
3,28
0,4
14,86
4,84
8,71
1,25
11,393
2,36
3,24
1,40
55,116
25,91
3,84
7,53
2,21
8,50
0,16
29,127
1,23
0,18
755,2234
0,2
0,7
0,19
0,14
1,30
207,548
10,98
4,56
0,7
0,12
8,42
5,45
14,62
8,71
12,113
15,89
0,10
24,255
0,4
3,45
2,16
4,29
1312,3581
1,11
6,62
0,34
3,38
124,170
2,26
0,6
3,48
4,82
4,38
19,109
15,148
0,2
1118,3604
154,533
27,56
7,34
2,12
16,73
22,133
13,42
811,2465
3,55
115,451
2,29
17,71
61,180
17,81
54,278
20,66
481,1118
1,4
0,3
6,65
98,314
1,44
8,12
11,76
0,3
116,340
75,194
27,122
82,167
7,30
2,58
5,27
2,43
81,731
1,12
22,75
44,132
0,3
0,10
27,172
4,61
5,23
4,47
125,405
5,60
191,688
41,122
5,26
0,2
35,105
0,4
1,2
2,16
0,7
3,10
4,30
0,8
44,129
0,15
1,7
256,595
58,161
1,11
523,1737
91,357
0,31
0,2
0,18
0,3
0,6
4,26
4,53
16,71
29,75
0,2
4,33
2,13
0,3
5,52
0,2
16,94
24,65
0,3
2,41
0,4
6,43
0,10
25,77
24,87
0,4
275,955
0,7
17,73
125,375
3,15
0,3
8,69
22,27
2,13
3,54
147,409
26,179
10,27
9,85
1,22
4,34
886,3110
0,2
14,62
47,154
1,28
18,78
0,3
1,2
2,41
0,9
0,14
0,43
1,35
0,6
0,30
4,26
39,65
44,130
2,33
3,23
2,29
24,79
3,32
19,86
22,136
15,54
2,14
0,1
29,99
6,39
0,23
0,17
6,37
64,201
10,43
0,1
2,59
0,3
1,74
31,168
24,71
165,392
0,1
0,6
0,13
1,57
74,293
4,27
7,27
3,57
0,8
0,28
2,23
12,37
8,31
27,125
81,223
0,31
5,27
5,36
1,11
10,75
1,29
6,22
0,12
26,125
1,27
1154,2581
33,114
3,18
2,36
2,30
1217,3039
5,40
18,103
3,22
13,88
11,56
16,88
5,41
7,58
42,259
2,60
11,50
0,8
0,5
0,11
44,178
15,67
0,6
2776,8643
6,15
0,3
6,24
0,3
115,355
72,223
19,94
0,4
8,60
2,13
159,386
3,23
99,334
17,69
0,35
0,38
3,49
3,78
6,63
83,311
1,9
2,35
10,78
77,189
7,51
3,22
0,3
0,14
2,13
3,15
0,6
10,97
171,494
3,28
1947,7991
26,101
2,35
5,15
13,37
5,42
9,41
0,2
0,12
28,73
46,112
0,7
28,92
168,726
4,53
101,680
10,150
6,43
132,318
0,20
70,171
34,151
109,327
0,16
2,59
7,35
0,15
0,7
0,11
0,17
5,78
0,21
3,29
0,21
0,5
3,10
47,141
113,460
64,210
12,149
0,28
1,28
0,22
4,20
0,20
0,14
1,25
272,853
17,38
3,35
1,22
263,804
9,56
87,236
239,1069
48,229
49,199
0,24
16,59
7,56
17,64
0,5
0,9
1,26
1,17
66,203
0,2
8,85
2,25
20,81
3,29
9,48
1,7
0,4
7,22
1,13
4,18
0,2
36,124
0,9
72,220
4,26
1704,4735
457,1327
9,33
17,51
1,19
25,62
0,14
110,286
0,4
0,4
44,89
52,343
0,5
31,112
1,9
4,43
1,29
4,53
8,70
5,31
10,53
42,151
75,300
11,36
506,1299
12,42
0,36
28,96
6,20
59,271
0,3
32,112
0,2
1211,2175
5,27
0,2
1097,2867
269,779
0,19
0,2
17,135
24,60
0,14
8,73
0,9
39,126
0,10
2,44
56,150
6,65
15,178
43,167
9,52
2,12
5,28
0,2
6,40
49,161
6,73
1,31
0,33
2,41
0,28
0,50
23,172
9,36
5,23
2,14
149,572
15,317
0,24
135,370
176,525
0,10
0,15
0,31
2,25
1,13
1,7
3,47
0,10
0,16
1,45
14,83
0,2
7,42
3,22
6,83
3,23
0,2
13,96
0,18
16,49
3,41
0,3
0,29
0,2
2,44
2,21
1,3
0,6
4,46
301,452
1,40
10,30
6,54
9,93
0,4
2,12
509,727
243,853
22,70
0,11
0,18
1,37
77,267
34,145
17,76
19,67
0,10
34,116
3,25
5,44
0,33
3,62
0,5
9,95
0,11
3,52
28,201
0,25
61,270
0,2
0,9
3,21
0,19
20,172
3,44
5,77
10,91
6,43
2,45
2,23
4,71
1,18
1,27
4,96
5,65
0,6
9,94
309,516
1,33
12,75
2,60
1959,5348
2,23
14,66
96,369
61,185
62,256
2,29
5,46
3,43
5,56
7,104
5,54
10,76
18,132
7,63
2,42
5,29
0,27
7,46
23,133
0,12
3,34
1,22
70,332
10,109
0,2
1,21
0,2
3179,7067
0,20
0,24
0,18
0,19
19,83
0,10
1,5
12,93
4,25
79,278
710,2511
120,647
1,33
1,16
1,4
4,91
2,29
86,253
3,33
2,21
19,98
6,62
10,75
6,56
1,10
1931,12525
570,1446
1,15
0,24
0,22
145,441
106,196
55,227
3,49
2,20
1,32
3,36
308,720
31,74
717,1530
3,61
0,7
6,37
1,22
21,54
2,22
16,29
31,81
55,144
1,45
4,24
181,628
0,25
1,13
0,2
1,47
56,166
2,52
6,31
4,49
9,52
13,144
0,39
0,14
24,108
2,42
114,415
51,176
70,273
0,5
9,57
0,7
21,109
6,35
3,54
3,53
4,30
12,92
0,7
0,77
88,409
117,358
0,27
0,16
27,64
12,63
4,23
244,619
5,71
10,141
8,66
44,211
13,232
98,251
9,72
13,92
4,67
2,20
10,77
19,846
1,36
2,165
5,36
239,472
123,632
0,6
1,21
27,81
8,36
22,89
104,589
58,170
11,44
28,141
62,212
2,8
44,164
4,38
0,14
7,26
45,510
115,539
2345,5496
22,103
1,38
30,846
0,22
2,23
15,47
71,311
140,509
3,232
10,96
4,15
4,87
2,26
60,134
14,64
4,66
1,53
0,3
10,71
19,64
6,37
255,765
0,5
4,19
784,2169
0,20
1,47
0,6
0,28
1,32
1,18
1,18
0,9
8,69
5,9
28,122
109,327
2,24
73,205
10,29
27,109
23,125
1,8
43,128
2,10
7,104
12,62
0,14
19,67
4,36
6,138
12,137
0,2
55,212
52,299
10,42
533,857
8,51
0,20
2,5
62,152
20,70
19,46
13,93
13,77
20,57
1,16
2,25
1,40
42,177
4,20
282,2242
207,551
0,9
0,7
17,37
7,36
32,127
2637,5257
298,659
0,3
0,1
16,52
2,26
0,41
0,21
7,41
10,57
12,142
19,221
3,83
4,63
1,28
4,34
8,60
138,575
49,317
2,11
0,19
1,17
13,55
86,286
3,9
46,122
26,197
7,51
2,21
0,15
0,9
292,717
6,32
324,865
0,4
2,26
0,6
0,6
1,23
2,14
6,48
3,38
0,39
7,53
10,65
0,10
227,572
4,52
2,28
0,42
7,39
58,284
7,93
0,13
95,172
14,62
0,18
6,39
0,11
25,64
156,373
7,25
28,139
3,49
1,37
14,149
31,96
900,2649
9,50
40,183
0,3
1,35
26,107
0,3
0,5
36,52
2,8
0,11
1,25
13,65
0,16
0,13
2,32
3,49
5,29
10,48
15,53
16,104
6,86
4,42
4,39
0,6
0,6
3,34
13,77
0,7
17,100
13,106
3,199
203,501
1,48
64,226
2,40
2,34
1,21
33,100
0,18
0,7
2,22
2,40
0,8
0,2
38,97
4,39
11,52
0,6
2,23
5,31
73,255
0,3
525,1430
0,27
0,7
6,50
0,6
4,34
471,1121
0,2
16,83
1,24
0,30
2,59
8,156
2,30
5,8
0,2
2,20
5,22
12,44
3,36
0,9
0,29
4,66
2,90
0,5
0,15
11,145
0,2
6,69
8,111
2,28
242,799
0,27
1,43
3,35
538,1099
0,2
3,26
78,197
15,62
9,58
5,36
11,92
33,77
1,21
22,116
41,190
3,46
425,1405
1,32
18,54
0,8
0,2
0,4
34,133
20,94
0,22
29,240
8,37
37,168
1,8
26,90
2,26
0,3
1,11
0,4
3,9
0,14
10,62
19,96
7,55
0,4
0,1
6,60
1,21
3,36
0,4
0,1
159,552
152,438
0,7
0,12
1,9
15,45
36,159
19,119
15,67
55,170
0,30
14,80
175,494
2,23
7,66
4,17
0,3
0,2
71,143
24,163
1,15
5,61
13,88
1,138
0,3
68,152
14,83
9,96
3,56
104,275
1,70
86,246
2,17
1,4
53,176
12,109
3,27
16,40
0,4
1,26
0,4
4,21
507,1145
51,157
2,32
1,13
90,310
5,24
2,115
4,27
0,2
0,6
1,33
188,663
3,23
73,261
4,35
359,908
0,8
3,68
81,302
1084,3779
31,145
55,242
4,29
6,38
0,21
24,105
0,5
35,137
1,22
33,148
1,7
7,48
0,8
6,38
0,2
10,62
18,75
2,27
6,40
1,18
0,3
1,12
39,120
6,40
0,12
189,719
66,214
728,1494
30,172
4,57
0,22
6,43
1,31
64,195
8,47
0,2
16,69
0,3
351,1023
7,25
0,29
0,13
0,11
68,211
16,86
0,20
0,2
0,3
1,12
1,29
61,204
1,18
683,1813
0,4
13,84
16,64
75,315
40,149
0,8
0,15
2,15
1,44
6,44
78,218
0,12
4,60
0,6
138,372
16,83
0,2
6,11
0,6
0,29
35,95
0,22
0,10
0,23
21,48
276,1108
0,10
0,9
1,41
0,21
0,29
802,1419
4,82
8,20
26,58
73,247
1341,3805
0,3
125,314
0,4
4,37
1,15
3,44
151,529
0,12
3,49
0,4
2,40
5,101
0,2
0,9
161,471
8,48
6,52
14,43
938,2490
122,290
0,16
0,5
10,33
6,59
4,30
19,121
3,17
64,207
8,48
0,24
1,29
4,31
0,7
0,10
11,20
0,12
26,132
17,52
0,20
0,3
559,1318
0,5
2,10
0,23
20,104
18,75
8,54
2,8
18,115
255,957
1,4
10,25
40,101
0,24
2,39
0,2
18,117
4,54
16,45
1,38
18,93
0,1
4,68
0,3
2,38
18,68
0,2
463,1232
1,5
1,26
3,23
15,165
0,2
0,9
168,464
5,21
2,33
0,72
0,8
16,82
375,804
232,749
2,69
11,34
26,74
0,4
1,33
0,36
5,26
8,40
0,9
0,4
157,299
5,40
379,1777
187,575
2,24
9,64
1,9
106,366
8,43
1,11
12,31
0,1
0,11
65,267
6,24
0,28
0,3
0,12
9,70
11,37
1,4
141,473
9,21
1,10
0,5
1,9
0,12
284,846
0,9
5,55
11,70
0,5
2,39
0,3
8,25
0,29
0,3
8,35
0,6
0,4
48,164
22,66
65,263
108,343
61,279
15,43
11,142
0,18
14,61
7,58
0,6
27,166
63,164
2,89
0,8
2,12
0,13
1159,3054
1,16
234,726
21,127
16,96
1,28
0,5
1,31
6,31
0,3
0,10
0,3
94,479
3,18
18,44
1,14
66,269
0,22
0,13
15,158
3,7
3,33
14,56
185,920
0,11
0,6
86,205
11,32
1,7
50,166
9,68
6,89
4,20
212,776
0,4
34,208
7,70
14,57
1,20
0,10
2,29
6,15
1,33
21,117
1,13
38,200
0,6
0,7
18,234
2,35
9,71
25,74
2751,6889
0,5
13,97
56,126
13,57
31,167
3,29
9,66
1,31
2,23
14,97
5,42
0,7
3,32
7,37
1,9
3,55
16,63
629,1679
3,41
24,330
4,30
4,34
0,3
175,622
8,54
7,73
2,53
13,94
1,10
2,17
21,101
113,387
124,250
8,55
94,266
12,113
47,239
3,48
915,2813
0,9
2,37
925,2548
22,111
34,84
79,368
0,16
0,45
3,24
2,11
1,12
50,150
2,14
0,14
29,117
7,28
1,11
1,42
3,57
1,39
3,10
0,36
5,38
21,98
2,25
2,15
45,132
10,91
9,34
201,544
5,21
2,23
0,8
0,22
74,266
4,36
3,22
11,51
4,27
0,12
12,69
8,59
11,60
13,66
257,902
14,114
6,43
0,19
25,105
26,156
1,24
367,1178
3,20
6,43
3,14
13,184
74,276
51,153
2,12
114,385
0,6
0,10
0,4
9,37
1,44
10,43
1,14
26,132
2,36
0,4
32,158
41,203
37,153
1,71
276,983
2,31
39,95
9,50
231,576
6,41
1,18
0,10
3,45
2,40
91,306
109,366
0,4
1,5
1130,2483
2,59
103,292
0,5
24,116
1,11
0,12
6,61
1,28
0,15
2,6
57,162
5,30
4,56
0,4
10,49
2,36
3,21
1,17
7,32
38,132
3,37
3,27
2,12
4,57
5,42
41,146
2,14
0,29
1,35
641,1605
18,128
0,11
13,114
5,31
4,41
1,24
26,54
7,39
7,45
15,52
7,124
1,14
4,36
15,83
1,59
0,2
156,573
0,15
186,518
12,205
14,86
6,47
0,2
3,27
9,136
63,253
13,88
14,80
522,1145
10,58
50,154
5,75
6,58
7,46
3,39
0,25
10,70
1,13
0,7
0,25
0,4
0,14
0,5
2,24
79,218
0,11
4,29
3,34
11,83
50,234
25,78
17,113
13,58
1,9
1,28
0,13
0,4
3,63
114,446
0,21
4,33
0,4
0,6
1793,9509
16,183
15,193
414,2495
2,30
1,20
4,10
0,3
2,40
48,180
14,59
110,316
0,20
5,100
0,5
4,51
66,324
9,39
1,43
6,62
13,120
9,141
2,39
4,59
0,3
0,8
5,33
0,25
0,31
230,625
2,23
7,54
5,33
11,88
0,3
16,115
0,4
176,587
5,16
31,171
0,13
0,13
84,415
3,78
4,48
4,49
12,83
22,117
7,57
18,77
2486,5805
85,300
4,32
52,403
0,3
8,51
3,33
1853,5056
15,119
0,16
9,48
0,2
32,179
0,14
0,5
8,42
1,54
98,353
55,338
0,5
15,45
35,143
16,78
7,63
4,18
69,274
82,181
2,15
108,266
2,30
0,7
5,50
0,22
16,42
0,16
3,36
12,93
3,26
57,276
2,37
2,16
8,58
8,31
6,45
0,2
1,13
47,102
1,25
129,481
1,25
25,113
0,9
15,77
82,404
0,8
0,13
76,173
0,16
1,20
0,19
5,45
29,117
7,43
0,12
59,238
0,37
23,64
67,168
0,3
140,465
0,10
359,999
69,314
1,34
0,8
57,134
2,16
2,48
42,290
4,19
1,29
0,12
0,7
2,17
12,18
3,40
36,137
13,45
0,5
0,17
150,952
6,23
2,38
4,81
34,184
0,8
4,54
0,7
0,10
1,23
0,6
15,35
26,86
0,9
1,23
0,4
165,1062
5,105
21,88
1,23
0,2
3,14
1,28
152,538
0,6
45,93
74,130
1,23
0,20
1,30
55,270
4,93
36,181
1,30
6,40
4,32
0,26
3,31
0,27
11,77
20,33
5,39
0,24
1,9
0,12
73,212
0,66
25,113
140,667
41,141
52,248
1,26
6,71
0,7
22,101
1,39
3,16
44,406
1,10
9,35
27,92
655,1491
0,2
13,60
0,3
144,245
4,53
4,57
8,72
0,9
3,38
4,65
0,27
2,28
262,1363
15,70
0,6
8,141
9,34
0,2
0,2
23,126
0,20
0,28
226,766
4,52
95,336
0,1
0,5
4,32
0,4
1,22
22,109
81,351
0,2
2,7
0,3
1,20
45,191
0,9
7,146
4,19
10,66
0,4
3,36
0,6
2,41
0,9
2,22
1,7
0,23
3,210
3,32
1,19
111,571
164,600
1,13
0,47
0,1
3,17
3,11
0,14
20,85
0,3
1,3
0,3
46,176
1,17
6,35
0,7
311,719
44,124
19,54
599,838
0,25
8,31
0,1
0,5
9,34
0,13
11,88
171,490
0,15
0,4
0,2
0,2
15,141
0,25
5,32
5,27
41,190
110,418
18,75
79,233
0,14
3,24
0,3
0,7
41,143
33,112
104,327
689,1833
0,10
0,11
15,61
2,7
0,30
210,394
50,113
13,60
51,262
19,52
7,25
2,20
2,4
70,188
0,12
0,2
0,24
15,104
53,116
0,7
1,35
6,40
0,5
39,154
60,183
1,9
229,578
0,13
0,3
0,13
3,69
74,166
5,33
7,19
74,525
1,4
0,7
6,71
0,3
0,3
94,160
0,6
2,30
0,12
0,1
2,22
2,16
240,876
0,10
7,54
0,1
0,10
0,2
0,2
51,131
24,76
151,441
3022,6466
1,2
12,60
42,263
345,1018
7,31
38,172
1,22
70,346
128,405
6,146
1,5
342,1167
0,9
0,11
30,101
0,12
3,18
0,2
1,10
3,46
4,21
273,978
10,32
0,2
53,192
0,5
411,1042
3,63
6,71
0,1
39,157
0,2
0,13
11,44
5,33
0,8
10,112
0,16
4,101
173,302
65,268
0,6
38,195
0,1
24,175
7,31
10,71
3,29
12,63
1,7
19,77
5,27
81,339
0,10
257,581
0,3
41,130
53,262
4,8
0,10
5,37
16,102
4,34
32,172
39,135
0,6
5,44
2,46
26,143
1,38
12,24
0,12
2,10
21,86
1,21
30,175
80,196
1,15
3,27
5,49
2,8
8,111
19,95
0,1
2,31
20,90
4,27
13,54
330,942
1,44
6,56
4,58
13,25
153,414
25,129
29,78
20,112
0,5
2,14
4,49
171,592
4,26
0,4
0,3
1,24
151,262
81,249
4,39
547,1354
14,181
2,13
44,318
5,19
1,10
2,9
0,9
101,356
0,4
9,87
5,197
1,15
224,988
0,5
0,2
0,48
3,36
1,58
22,82
0,52
13,28
6,21
36,111
0,4
7,33
12,62
15,71
7,56
0,3
14,53
4,25
0,11
188,797
1,31
0,15
16,65
0,1
0,2
0,16
8,31
0,2
1,24
7,26
1,30
0,8
0,4
35,107
1,28
0,16
21,137
2,7
166,499
3,18
0,7
0,2
6,43
1,13
0,13
34,278
0,2
0,19
2,27
5,78
489,2150
5,28
1,8
5,25
77,377
0,43
1,12
0,3
9,43
3,26
20,98
0,7
1,14
85,301
0,6
8,35
3,14
3,33
11,42
0,2
1,48
147,602
0,4
0,5
46,187
113,354
42,172
0,10
193,588
0,21
1,19
26,117
0,41
5,37
1619,4024
0,8
0,14
20,148
555,1581
4,82
0,37
36,158
165,425
5,34
0,12
31,89
1,30
2,22
0,50
0,13
5,51
23,136
40,78
81,334
6,105
0,3
238,780
0,21
1,27
10,58
0,3
5,69
0,19
42,149
0,4
1,25
63,305
0,32
5,21
5,22
272,714
150,408
61,122
0,1
0,28
11,77
24,182
221,463
6,30
4,39
0,10
0,20
4,52
0,15
0,13
0,3
0,6
18,39
4,17
0,13
0,7
4,36
2,29
3,10
63,168
0,24
0,6
20,68
38,123
37,173
2,22
0,11
92,221
4,84
0,4
0,7
50,205
15,34
0,7
21,98
4,50
2,9
0,6
0,9
18,98
32,148
46,203
0,10
0,3
1,14
7,62
0,9
0,21
36,167
0,11
14,94
0,1
1,7
1,14
0,1
1,40
0,6
0,11
8,24
0,15
234,616
20,143
4,46
7,99
292,648
1,16
334,1009
0,21
80,349
143,652
0,6
1,18
9,99
0,5
0,21
51,268
1,6
2,17
4,41
6,46
0,24
139,474
71,207
0,2
301,640
114,312
51,125
5,31
12,208
30,250
4,14
0,9
0,12
1,20
341,923
31,218
436,1273
10,36
94,423
2,61
0,31
5,17
0,2
7,55
6,16
315,837
1,10
10,65
2,7
0,38
0,25
8,41
0,5
3,33
654,1793
5,40
0,4
2,9
3,27
6,40
215,818
163,683
15,58
0,27
3,10
4,17
10,49
128,287
2,36
0,2
347,1064
0,1
0,84
4,117
469,969
315,800
19,126
137,350
70,169
47,378
17,208
133,292
30,185
10,33
128,353
282,516
52,102
275,739
9,69
0,18
0,2
0,16
2,32
1,12
213,666
1,7
2,41
0,6
0,1
1,18
340,1013
0,1
5,24
42,96
0,3
0,5
3,8
5,43
16,122
1,46
0,29
3,62
0,24
0,9
0,2
2,25
5,48
23,67
16,71
0,16
70,218
45,107
0,17
92,340
41,359
3,7
42,144
1,11
159,443
28,141
8,47
3,13
0,5
20,87
1,5
9,28
2,29
1,27
2,25
2,18
28,70
257,722
30,54
0,2
0,1
11,64
54,295
5,71
22,87
19,71
0,15
4,46
1,119
0,8
16,85
0,4
3,49
8,53
1,19
24,130
1,4
0,2
0,1
0,4
133,392
20,115
1,6
0,10
170,473
292,741
0,3
78,182
26,125
4,16
2,22
0,4
4,23
14,86
73,201
2,30
1,33
5,53
3,37
57,165
252,842
36,120
18,101
2,55
109,325
33,145
23,141
20,205
157,494
5,26
17,77
13,114
0,14
0,2
28,127
23,91
3,36
93,258
0,2
0,7
59,214
0,8
5,49
22,49
668,2605
13,139
0,28
2,63
0,5
0,5
0,28
16,67
19,84
2,41
0,7
2,47
6,37
68,219
0,1
0,4
0,24
0,2
0,7
3,36
7,30
16,86
2,25
6,27
1,14
37,77
578,1228
21,30
20,160
2,38
0,12
0,1
337,899
7,50
62,282
0,10
2,22
3,70
0,8
0,5
1,14
4,38
2,66
28,89
1,24
1,31
74,310
12,79
0,2
0,1
0,12
1,14
1,21
0,17
2,14
7,61
1,10
0,10
0,15
0,3
5,29
41,97
14,52
0,8
1,18
36,107
17,43
0,3
1,10
14,56
54,150
19,80
446,1565
0,3
14,91
18,45
3,42
20,64
1,46
99,1120
1,8
0,6
0,31
87,496
0,16
45,99
0,3
0,2
0,4
1210,3155
5,13
3,25
8,101
44,156
1,47
0,6
0,1
1,21
6,14
2,5
2,24
0,2
554,1589
2,65
0,2
2,55
289,560
7,30
17,128
17,75
26,100
30,97
2,30
10,37
297,943
0,20
0,18
0,22
19,63
7,183
26,51
21,85
74,261
47,227
2,36
0,2
0,26
6,26
154,524
16,74
4,31
1,22
31,130
0,3
2,22
0,3
2,72
0,7
76,137
111,329
0,8
0,5
0,6
0,7
1,13
23,138
1,73
0,4
0,15
0,2
0,10
0,10
231,432
206,702
2,54
0,7
290,718
175,385
0,1
205,658
39,119
0,4
13,52
5,22
18,51
0,2
0,38
0,7
283,680
0,21
4,37
283,700
1,23
12,36
92,286
39,152
0,10
7,39
17,125
57,150
0,44
2,44
0,13
1,32
80,229
1,39
4,21
0,40
4,18
14,48
38,143
168,657
1,23
37,96
73,153
15,26
8,11
4,25
2,7
0,4
32,77
75,143
21,92
13,102
308,665
66,223
4,63
8,32
1,5
5,13
82,262
1,2
4,12
4,54
59,187
1,15
3,24
1,27
232,433
2,31
20,68
20,161
0,59
0,5
38,132
0,29
75,306
30,186
2,32
0,13
0,1
44,166
0,104
203,372
23,93
39,181
0,2
0,16
114,213
0,5
0,8
16,60
23,147
14,42
15,66
4,24
0,25
294,690
22,112
12,72
286,864
0,5
0,40
0,8
24,99
0,1
0,2
5,26
4,41
0,10
30,192
0,9
0,2
0,7
6,71
0,4
47,168
15,98
1,7
0,11
4,19
143,649
0,6
10,20
0,4
0,14
0,8
65,114
4,31
31,102
54,139
70,236
1,7
32,155
4,41
2064,5171
2,53
131,610
4,8
24,153
28,81
40,150
1371,2721
0,2
5,30
45,173
105,268
21,111
0,2
0,2
0,15
0,3
87,235
2,25
42,181
30,88
1,8
16,61
14,38
1,4
6,26
2,36
1,32
0,3
0,5
2,12
0,6
25,83
42,120
79,309
2,8
109,321
0,7
18,94
0,23
3,26
73,186
653,2289
0,4
6,66
34,88
1126,4834
94,398
1,41
32,64
7,42
4,60
7,24
13,47
2,37
0,13
1347,3785
64,213
10,83
156,273
44,218
6,45
2,12
0,6
68,163
0,5
0,26
27,120
22,116
12,87
0,7
1,31
2,37
18,43
1,7
0,14
25,89
30,153
96,320
102,158
5,40
1,18
0,1
19,67
3,22
0,6
7,27
1,27
0,5
61,127
2,37
68,356
28,192
0,22
233,616
0,10
222,474
13,99
699,1642
58,192
1,38
115,468
15,113
1,6
11,75
12,111
3,44
113,283
26,71
70,179
5,76
14,67
0,35
46,180
0,1
0,2
1,5
61,231
0,4
4,19
49,144
1,19
0,17
3,32
0,1
13,53
1127,4286
158,622
11,79
1,14
27,62
188,540
1,18
7,22
2,28
7,17
1,25
2,18
21,119
2,30
153,444
14,64
0,5
1,21
3,23
2,26
4,9
10,42
1,12
0,3
66,192
19,61
2,14
1,6
0,4
0,5
5,42
321,1019
2,5
75,282
0,4
0,2
0,7
84,399
0,3
44,177
1,39
18,43
0,5
0,2
1282,3288
52,202
0,13
1300,4459
1,18
0,30
77,266
0,21
5,27
766,1807
2,30
9,86
20,110
5,27
13,77
0,9
1,11
3,47
1,15
0,4
54,199
1,4
502,1707
1,12
862,2350
8,44
373,1574
549,2570
122,371
32,73
8,60
341,748
142,395
1,3
3,40
30,141
2,30
0,7
21,163
5,48
54,260
236,565
4,22
21,148
71,278
14,71
21,56
0,1
69,164
2,14
33,122
0,9
9,57
1,19
31,97
7,59
1985,4040
3,28
106,340
33,895
645,3147
1,6
36,139
7,42
0,2
5,54
153,490
15,67
1,15
4,14
4,8
1,33
0,11
311,613
0,9
5,30
0,20
0,20
11,52
137,347
68,198
41,147
0,4
1,15
0,1
8,45
0,53
18,64
1,23
0,12
4,54
27,105
0,1
4,41
10,57
13,51
48,96
1,17
289,765
11,29
9,73
22,96
3,25
4,74
2,39
2,25
0,15
3,24
2,46
6,24
45,158
61,189
9,57
71,203
26,93
348,922
42,152
5,44
56,231
9,96
622,1858
1,35
4,32
13,48
5,31
1383,2618
0,14
7,42
6,55
1,10
1,24
0,16
4,35
0,6
46,181
0,3
572,1796
39,148
1622,4819
24,53
5,16
56,136
28,117
1,17
23,84
10,59
9,60
6,32
225,506
30,210
0,5
3,38
27,220
1709,4970
115,774
13,95
21,78
10,46
38,105
127,278
5,26
7,49
0,40
0,7
0,12
5,29
1,4
20,70
114,366
29,165
1,14
9,53
31,77
6,24
107,351
522,1440
8,48
23,86
6,58
8,88
3,38
0,1
12,105
0,2
7,35
0,2
1,2
3,33
0,3
896,2654
8,42
15,84
7,169
21,148
5,23
32,147
0,26
11,80
3,20
8,48
3,19
73,456
0,19
12,145
3,43
13,59
22,114
45,289
8,58
3,68
0,52
1,44
0,8
97,260
7,28
53,293
5,54
96,340
0,31
12,125
0,6
18,90
18,161
0,6
3,37
0,4
6,38
0,5
2,25
75,191
0,4
2,37
196,651
0,5
17,47
34,147
0,49
32,182
16,77
1,35
1,22
0,18
0,14
1,30
0,3
0,23
447,1351
10,73
11,95
0,12
47,152
2,24
3,29
1,14
35,143
1,34
2,36
26,115
0,2
1,42
0,6
15,203
116,277
0,6
0,6
40,240
3,30
2,13
0,4
5,29
3,31
9,45
1,12
15,68
464,1127
3,55
12,72
963,2626
0,27
146,361
0,17
5,61
0,10
275,1926
12,82
123,380
13,53
3,22
437,1169
1,32
11,68
110,456
7,46
1382,3886
225,520
2,17
0,3
8,35
12,69
1,11
7,55
0,17
17,64
1,16
0,6
10,46
92,192
0,2
0,5
0,2
646,1374
1,12
11,78
2,26
6,63
0,16
375,1663
19,119
28,104
0,2
8,38
27,111
0,20
0,20
11,25
0,1
0,22
3,19
51,89
0,4
2,19
9,53
0,7
0,2
2,36
8,55
0,4
0,3
236,643
40,134
5,103
1,39
0,11
2,36
9,29
1,15
0,7
1,13
1,22
61,206
0,1
5,40
0,4
0,25
5,14
568,1467
295,802
0,2
4,18
96,393
83,275
16,81
47,364
148,613
17,61
1,72
1,49
4,20
0,12
16,42
10,39
14,55
7,143
0,4
19,80
1,7
0,16
33,198
81,251
78,139
0,6
38,182
1,8
48,162
1,6
1,6
10,58
144,437
250,1092
51,86
0,3
0,2
394,3484
1,9
1,24
67,259
0,5
4,29
5,57
123,504
2,21
6,49
0,3
2,22
36,183
16,109
218,529
10,45
9,45
27,52
14,51
28,414
3,44
1,29
2,36
1,17
6,23
16,57
19,73
2,61
33,56
17,92
3,32
5,57
29,98
0,1
16,77
9,81
3,62
1,16
16,73
66,196
35,178
116,489
0,15
0,4
257,660
1,17
5,49
0,12
1,2
8,60
85,335
4,20
2,80
3,28
36,85
52,387
180,373
68,208
10,40
0,20
58,130
19,65
1,5
6,33
1,15
2,14
19,111
0,7
4,32
0,3
86,347
0,10
13,87
14,110
3,19
3,19
23,78
29,92
3,85
0,1
38,183
57,212
44,212
56,210
3,23
261,635
13,49
0,4
0,4
11,75
1,9
0,3
10,25
37,171
43,169
0,3
1,14
2,48
5,38
253,689
2,44
12,56
3,18
4,26
36,120
0,24
2,17
430,1291
57,221
50,188
156,366
24,92
0,2
13,95
2,26
9,63
40,308
0,2
0,2
1,10
11,29
0,5
0,18
1,74
51,156
32,125
33,128
245,1549
141,269
362,2518
1,14
0,23
0,1
286,905
2,67
23,170
7,56
22,95
833,2230
1,13
45,124
1,14
1,26
6,144
0,12
10,31
9,89
40,79
5,37
39,252
1,16
15,136
230,1597
27,192
6,34
21,95
26,83
67,198
51,227
19,98
9,42
3,43
17,64
58,293
430,966
49,140
14,109
158,564
3,56
0,4
4,146
1,12
2,23
0,2
6,42
2,26
27,512
142,485
1,25
2,16
9,39
0,2
7,36
0,2
8,93
1,45
4,16
8,56
13,60
8,87
96,2501
93,296
3,48
0,19
0,11
4,59
0,2
0,3
9,62
0,24
2,16
0,15
125,408
2,51
1,14
0,3
88,305
47,137
10,27
0,14
0,1
8,73
0,5
44,99
0,2
3,12
0,1
2,27
1,36
102,308
0,1
44,143
0,2
0,32
3,21
64,200
0,11
0,14
0,1
59,155
0,5
15,77
2,41
0,1
2,26
86,285
12,74
0,17
0,3
0,7
0,1
1,17
279,471
0,3
23,105
1,30
33,144
13,65
21,60
1,3
3,7
1,18
0,18
8,42
0,2
22,116
0,11
1,21
11,24
1,18
3,55
0,6
32,98
6,34
308,818
10,29
14,54
5,63
3,37
2,8
10,44
3,16
99,352
141,376
521,911
3,24
1,30
3,6
2,53
0,10
0,27
51,420
247,750
3,68
13,64
100,274
19,74
4,32
1,2
1,6
6,42
5,15
13,51
22,94
66,241
352,920
84,198
16,52
207,543
106,262
10,49
1,45
7,29
23,137
220,592
118,340
7,108
3,43
1,15
35,131
64,236
15,121
13,75
7,139
71,230
21,67
44,231
50,321
43,173
796,2025
631,1533
331,1184
9,34
0,28
46,107
7,47
20,78
11,57
7,54
10,42
25,87
41,124
9,42
43,137
88,202
37,75
40,128
24,97
72,198
69,198
18,100
723,1601
1807,9225
130,776
14,67
222,506
145,308
16,96
32,162
0,14
122,281
47,76
139,556
7,50
68,137
5,30
42,313
7,129
264,2295
314,1360
638,3582
4,48
12,26
24,139
48,149
153,328
0,25
1,14
18,131
3,21
1,11
3904,8845
0,27
2,27
1,30
12,40
0,15
3,55
0,2
8,47
10,23
45,165
0,9
8,25
17,103
80,337
0,5
3,24
2,33
192,620
20,52
0,6
28,116
82,272
5,40
1,10
1,15
0,1
33,91
0,4
23,90
0,6
9,73
269,849
0,1
1,10
13,103
2,33
1,12
4,33
0,27
8,88
5,129
35,184
3,9
112,329
2,26
0,3
7,105
1,20
2,3
0,14
0,7
17,98
0,18
0,3
2,19
21,92
7,31
7,45
1,10
4,17
16,75
36,136
0,11
1,42
8,45
34,105
208,738
109,543
2590,10401
22,134
1,24
0,10
9,57
347,996
68,360
2,50
1,47
62,298
0,18
60,212
1,32
5,36
3,20
58,205
2,40
1,22
1,28
0,9
74,219
0,14
3,17
0,5
0,21
33,138
4,23
36,159
35,99
0,1
125,356
31,235
30,145
0,15
5,26
95,474
5,35
147,502
0,5
19,95
65,139
124,380
1672,6064
129,473
9,49
22,135
1,11
325,1152
2,45
0,4
0,1
0,10
10,31
0,7
11,43
42,237
0,1
0,15
5,41
0,5
7,57
54,216
43,113
16,45
90,340
3,10
2,9
0,7
18,108
23,193
1,11
0,7
0,13
4,22
43,192
31,112
3,34
89,368
6,122
76,467
1,7
0,2
4,76
7,13
0,14
22,153
4,70
20,48
42,197
3,48
11,43
1,21
3,18
1,7
0,6
1,31
14,260
0,8
2,37
0,12
15,49
432,1151
18,59
3,31
0,4
0,20
1,18
0,22
0,1
9,150
0,33
12,67
0,2
2,40
10,72
0,10
42,98
12,56
3,38
6,30
0,36
7,45
9,71
0,2
24,98
6,59
0,2
15,76
4,27
0,10
28,90
38,95
2,29
0,8
4,43
4,31
0,8
0,14
38,349
188,434
11,103
193,684
112,317
11,96
3,15
91,146
1,51
1,21
4,23
21,91
2,34
0,1
1,6
365,1125
9,45
0,3
1,24
2,34
0,23
35,93
20,101
48,134
7,33
12,67
7,32
286,605
11,44
2,21
2,26
4,34
9,62
5,32
6,81
10,74
36,83
6,65
14,64
290,708
8,121
14,105
148,396
79,282
1,17
0,3
0,7
196,434
9,52
19,37
2,11
12,35
18,67
59,256
9,30
27,143
52,222
42,118
0,3
58,378
1,17
3,34
20,165
0,11
13,77
345,923
3,53
7,24
3,19
1475,3782
2,35
3,32
0,9
0,2
94,303
0,6
15,95
1,3
1,19
28,164
39,132
27,466
11,58
7,26
47,169
218,615
24,156
91,257
0,11
39,189
21,131
17,81
0,17
2,35
0,16
40,124
0,6
20,158
0,10
1,12
16,77
10,84
6,31
13,56
24,109
35,110
8,45
4,87
5,115
15,34
0,1
0,10
0,5
0,14
0,16
13,26
34,165
3,26
10,33
0,10
3,9
9,109
10,150
25,119
1856,10306
886,4381
430,1381
0,4
0,2
23,76
0,6
0,15
199,567
0,14
35,93
0,13
0,3
42,108
3,59
12,49
0,43
0,11
262,559
11,146
0,7
113,469
59,273
51,194
18,105
378,728
1,45
0,4
124,301
0,8
0,29
0,28
4,52
173,510
3,42
2,14
0,5
137,440
60,351
0,7
2,18
6,55
260,901
20,73
27,116
8,68
1,12
0,4
4,29
0,8
354,995
41,145
2,30
22,62
35,184
0,22
0,18
39,191
6,32
164,1096
10,37
0,6
9,65
5,63
2,76
0,1
2,29
2201,8477
337,1398
5,69
6,29
6,49
0,6
145,456
183,600
12,39
0,36
9,47
184,433
0,15
0,4
0,10
6,93
0,2
30,83
29,93
0,31
48,103
35,155
0,26
1,12
0,3
13,79
46,144
5,59
19,79
0,9
21,263
659,2249
17,66
0,13
1,15
0,5
0,33
0,4
174,626
24,118
1,33
1,19
32,100
911,2866
46,107
9,45
0,8
64,261
1893,3916
2,41
0,1
0,2
2,39
14,39
3,16
13,88
2,60
1403,3510
0,8
0,7
15,57
6,95
31,94
80,228
3,75
3,59
0,9
0,41
1,5
0,65
10,105
0,28
3,32
2,27
13,54
1,11
18,148
0,25
2,34
1,19
2,21
5,42
5,38
6,31
3,42
2,20
0,121
11,70
21,116
0,28
9,41
1,80
0,1
211,626
1262,2880
0,5
30,136
12,65
0,7
6,39
1,52
1,27
2,33
0,32
8,72
762,1872
43,139
0,54
7,26
6,37
98,332
5,19
4,26
4,23
11,37
104,459
35,202
95,297
10,56
56,299
109,231
0,12
399,1129
4,33
1,17
4,41
124,456
7,44
0,7
35,119
28,181
678,1386
17,65
0,20
4,30
44,96
7,43
41,211
72,382
4,78
451,2425
6,38
60,179
0,1
9,67
7,11
3,30
0,4
137,446
0,3
0,25
2,23
41,132
0,8
3,76
0,55
0,11
51,256
5,50
1,76
3,32
12,90
0,9
12,183
79,293
6,118
4,27
22,66
34,93
0,12
5,11
2481,7256
154,583
7,70
5,13
9,55
1,34
0,13
6,57
1,5
1,33
21,44
4,11
146,316
9,63
0,10
5,40
17,71
31,93
8,66
449,1327
174,611
15,45
3,62
0,24
63,187
0,3
1,3
7,34
0,28
0,9
2,15
1,2
7,18
257,1004
484,1018
5,29
1,14
3,46
0,19
25,83
6,19
26,62
81,299
0,38
9,94
0,14
18,72
16,105
0,1
5,33
139,498
1,25
25,112
1,36
42,177
0,3
19,154
2,28
16,56
1,8
0,2
50,170
1,23
2,14
2,58
14,41
0,9
0,38
1,84
265,1083
45,113
0,2
890,2219
2,31
0,3
2,29
10,221
20,135
7,73
1,46
6,61
3,27
7,56
15,98
2,28
30,213
27,110
16,97
5,10
0,17
4,19
8,68
1,8
81,250
40,136
21,56
362,1891
14,59
21,87
2,37
8,77
0,12
1,12
559,1409
0,1
17,80
81,249
372,871
5,71
47,149
4,40
1,10
6,41
215,609
69,188
27,87
523,1536
126,383
118,431
6,67
238,501
783,1938
4,27
112,371
486,1264
0,2
73,173
0,17
8,50
8,38
2,42
0,19
0,10
301,636
0,13
8,44
795,1566
9,68
122,345
0,5
0,25
0,20
3,31
726,2338
9,56
1,84
1,14
0,12
13,70
1,18
13,156
17,62
6,38
0,40
0,27
11,120
1,31
6,50
0,6
35,241
3,29
7,39
1344,3599
91,252
0,10
60,317
25,135
0,2
1,4
0,4
0,2
0,2
16,77
2,26
3,23
110,391
8,45
2,50
3,15
0,1
13,70
0,26
2,46
2,43
3,50
0,7
6,54
8,200
0,5
96,327
8,54
16,83
126,250
13,82
158,310
2,24
268,602
2,14
126,474
0,1
5,26
0,19
4,31
58,332
66,164
1,8
51,101
6,43
0,9
1,9
261,702
62,114
4,28
0,4
28,75
48,109
0,3
15,42
0,3
3,17
0,1
0,14
0,5
4,26
5,35
1,9
0,1
30,76
7,64
449,1308
13,63
145,429
3,9
1,13
0,1
9,73
1,15
1,5
19,89
0,3
6,31
0,4
67,156
88,327
4,113
1,2
6,27
0,3
0,9
1,44
2,11
24,69
47,115
117,430
0,1
47,160
0,3
4,24
0,2
127,261
37,170
11,81
1,2
18,78
20,78
0,4
1,6
42,132
343,950
84,227
185,414
9,34
3,13
6,33
11,58
9,38
0,8
1,15
0,15
47,407
29,152
0,2
14,69
4,19
0,13
176,525
85,339
0,12
177,444
17,52
31,51
4,59
94,268
0,4
0,10
0,3
13,48
4,60
0,16
2,18
17,100
0,16
345,1037
29,134
1,12
3,21
57,183
17,120
0,5
0,4
0,14
0,14
451,1262
1,25
0,42
3,47
0,22
0,15
0,4
428,2444
105,292
8,45
2,46
1,51
37,92
83,245
0,5
57,131
0,3
42,212
3,52
142,472
0,16
32,107
23,76
24,98
80,578
16,88
1,10
3,13
58,254
193,410
27,63
27,104
53,178
1,45
44,178
0,4
1026,7321
2,16
869,4499
29,95
3342,9192
0,0
29,149
1,22
9,38
32,72
115,386
0,11
1,4
38,131
109,388
0,2
55,186
0,7
61,107
13,101
121,274
11,39
0,5
13,129
137,376
77,392
0,35
0,30
77,237
20,90
0,11
1,16
6,48
4,14
15,57
16,45
608,1463
160,571
2,24
1,11
19,59
8,63
1,21
1,16
10,93
47,239
0,1
6,66
8,34
0,2
0,1
5,47
0,5
1,38
0,2
11,65
0,20
11,47
0,18
31,89
2,220
338,1542
19,90
1,11
292,664
3,48
0,6
163,440
5,42
12,66
100,245
5,54
17,79
13,81
2,23
20,91
37,171
28,96
23,62
104,226
0,9
0,2
205,476
28,76
7,39
0,1
0,15
16,49
1,11
3,37
2,31
4,47
31,93
0,2
3,30
209,1609
392,1187
4,33
11,37
0,2
2,39
0,4
0,1
41,113
54,162
0,2
0,2
0,2
0,2
48,155
3,63
6,55
60,171
94,793
47,205
69,170
9,68
0,26
191,1194
55,177
19,69
9,47
7,22
42,211
8,45
42,160
99,363
7,73
25,100
71,177
5,50
51,164
20,67
748,1819
134,452
15,54
185,439
170,490
44,109
2,22
9,27
2,11
43,128
28,160
24,61
45,139
142,474
39,78
4,18
206,505
3,25
1,6
0,20
0,6
8,107
0,23
4,39
0,4
14,103
19,138
134,395
88,168
4,69
0,18
1,22
30,123
2,25
1,19
1,77
1,21
3,22
3,33
8,43
0,24
6,103
1,3
3,58
14,111
1,27
1,27
0,12
4,36
3,31
2,44
1,18
4,59
0,14
13,177
2,27
2,3
2,21
9,70
1,5
10,122
1,3
0,27
0,30
3,20
0,2
5,39
12,37
4,49
2,36
1,24
12,48
18,129
0,29
0,21
9,43
5,34
24,107
46,123
0,5
35,154
1,34
0,2
3,11
201,797
56,309
4,50
8,27
1,40
5,34
0,6
56,154
8,33
182,419
5,24
184,444
0,33
3,44
2,39
4,32
0,11
37,152
1,21
1,36
1,23
0,16
2,41
1,28
20,108
60,212
0,1
17,41
8,12
3,31
6,95
33,144
0,1
2,37
8,41
0,5
4,30
34,162
12,70
2,5
2,23
0,6
5,31
37,114
0,18
5,123
0,2
0,23
6,27
91,401
0,13
1,16
92,301
8,59
46,204
123,300
12,118
22,151
2,26
0,16
271,719
19,79
0,4
0,2
0,3
1,5
19,69
13,91
1,11
4,38
181,813
0,1
136,539
41,905
7,48
0,9
2,17
3,27
3,31
1,32
0,1
24,63
20,81
5,13
0,2
0,11
11,69
17,76
2,48
3,109
4,37
0,3
0,2
5,84
193,843
2,35
6,32
0,13
0,10
10,66
9,29
172,361
8,68
57,256
1,8
22,85
274,1103
0,2
31,109
3,25
10,77
35,90
4,57
68,263
1,10
0,4
0,4
0,8
7,54
5,61
131,483
8,28
80,308
0,7
4,51
20,87
1891,3709
494,1642
169,391
36,344
0,11
300,986
1,40
211,729
39,235
17,68
2,20
7,56
13,39
1184,3896
9,46
5,18
28,60
0,4
0,5
0,3
12,42
112,493
7,45
118,421
29,79
1,45
49,200
27,89
35,70
0,9
1,10
71,249
7,70
7,64
0,19
0,26
11,44
41,282
21,81
0,9
6,57
2,13
53,175
105,338
138,526
1,5
1,13
340,816
8,42
233,661
0,14
46,77
0,1
49,260
4,52
0,10
601,1832
10,125
0,3
2,37
65,309
6,65
7,45
27,131
1,56
1,22
1,6
18,76
1,4
19,45
4,152
21,77
33,114
83,271
2,36
0,17
1,6
5,43
3,30
18,87
11,41
27,74
5,50
0,6
13,174
20,118
0,26
6,59
16,32
2,17
0,5
908,1700
4,34
527,1361
37,131
0,31
4,28
10,38
0,6
0,10
0,2
244,860
1,19
39,142
0,12
2,11
125,437
7,68
6,26
0,17
122,328
223,605
3,26
0,5
0,10
0,1
20,78
11,111
4,43
97,309
2,28
2,25
0,9
52,159
1570,3020
6,79
23,61
10,36
1,8
0,3
3,18
1,25
1,44
0,24
1,32
22,74
5,31
1,29
33,132
193,453
593,1435
5039,16520
207,602
12,87
72,212
34,140
1,25
1,39
1,8
9,92
0,17
0,20
0,15
22,126
5,24
0,8
3,38
0,9
7,41
1,15
87,382
52,223
0,32
2,39
5,54
78,178
9,59
27,86
3,24
15,87
5,55
4,67
1,28
13,47
91,245
58,234
0,5
3,34
6,28
4,64
0,9
0,15
3,22
51,132
317,841
5,52
37,121
11,65
89,283
2,28
3,10
2,10
1,30
4,73
0,8
7,22
206,726
5,53
40,186
0,9
203,577
2,67
1,27
0,9
1,16
6,56
60,344
1,56
17,66
9,60
0,7
17,91
82,198
12,68
2,77
2,36
34,66
1,34
13,88
10,55
12,73
1,31
114,357
46,245
11,57
2,29
75,194
2167,6410
25,100
54,147
0,12
7,113
11,41
8,56
19,196
3,42
5,57
0,17
0,2
1,59
2,14
201,677
41,144
1,54
7,67
0,5
0,4
0,4
2,18
5,63
10,21
92,1027
154,452
212,634
61,261
1,23
9,45
7,113
0,14
12,159
41,145
6,32
10,75
2,47
2,12
2,50
0,4
60,209
35,121
14,72
2,44
1,35
0,13
18,166
4,74
385,1226
85,360
290,770
16,135
2,29
2,9
90,369
0,14
0,2
1,18
463,954
0,14
6,26
0,4
8,83
1,60
4,44
0,14
2,24
1,21
1,23
27,65
5,29
9,66
109,217
0,27
343,834
0,1
21,105
2,17
0,6
26,152
12,46
22,93
5,22
0,6
10,16
23,46
3,35
28,77
0,35
146,380
0,24
2,42
16,61
39,178
3,33
71,259
0,7
33,119
0,5
45,132
1,27
2,35
1014,2414
0,10
2,25
11,43
4,19
0,11
0,5
11,60
3,62
1,30
0,44
3,34
12,61
1,39
6,41
0,8
2,36
10,47
1,11
1,8
72,295
1,27
283,686
3,6
0,2
27,45
0,14
0,14
80,335
0,2
11,29
19,90
2,23
0,15
0,2
0,7
5,118
4,29
1,19
6,38
7,101
3,21
1,23
0,16
2,38
0,26
17,94
186,616
5,26
4,23
2,26
21,38
3,53
4,31
3,32
1,26
13,47
1,15
0,8
1,27
53,227
11,62
3,64
0,3
3,61
1,12
1,16
22,107
0,6
35,305
10,28
0,3
19,120
0,2
1,38
2,36
1,30
5,38
22,107
2,35
4,29
3,29
0,22
1,33
7,93
4,21
16,59
1,21
9,93
0,6
8,43
1,18
4,48
42,119
1,24
3,31
1,18
0,4
10,43
0,30
42,129
2252,5592
14,59
1,34
4,51
0,45
3,18
2,37
0,5
0,3
0,8
497,1262
36,201
34,140
1,17
60,120
14,68
771,1530
46,139
2,51
5,33
1797,5222
0,24
6,27
2,28
9,95
5,31
27,110
0,30
19,107
5,260
0,8
4,57
0,3
14,69
3,37
10,70
5,85
16,109
116,313
14,74
1041,2224
829,2824
14,257
2,24
3,31
0,1
3,49
2,74
2,36
2,6
13,125
22,130
10,68
30,180
33,130
1,37
2,24
37,113
5,59
7,40
3,42
0,29
12,62
0,11
65,235
3,64
2,34
8,35
46,147
2,26
432,1143
1,17
6,31
1,31
60,216
7,110
3,20
17,111
2,9
71,290
5,65
0,3
6,56
1,28
26,173
39,161
1827,4817
0,32
11,119
3,31
53,229
114,345
134,458
3,24
2,35
73,419
0,3
3,35
27,201
1439,3835
11,48
20,77
211,532
4,16
6,32
250,846
57,239
4,62
29,96
345,713
79,176
0,2
3,65
1,69
22,49
24,218
0,2
5,53
340,851
0,18
0,4
2,42
9,31
19,62
92,364
