20,155
34,178
0,9
0,8
12,157
0,9
3,52
0,9
4,21
9,45
7,26
4,39
13,59
11,60
16,138
12,72
10,68
27,67
1,43
1,259
2,22
4,52
0,39
5,55
2,51
2,34
14,58
7,69
3,22
2,41
20,211
9,49
6,76
0,50
11,83
11,88
21,101
16,116
7,102
23,125
20,92
436,897
84,262
24,136
12,84
22,121
19,75
23,118
32,196
24,100
35,159
27,117
11,49
183,738
56,189
473,1602
125,578
22,156
21,124
21,187
15,58
40,61
2,14
0,6
0,18
20,72
4,22
6,59
0,9
14,49
21,80
0,20
0,12
1,52
2,65
10,59
1,20
12,44
7,73
15,82
85,192
1471,3350
9,17
1,28
0,8
3,27
0,24
0,13
1,17
13,123
3,22
6,46
190,559
4,27
3,33
0,37
0,4
1,23
2,12
60,223
0,13
0,32
0,12
5,38
2,23
6,69
0,7
2,32
10,77
0,27
7,122
23,202
28,77
573,1193
17,106
43,133
1,36
0,18
7,96
9,64
3,19
9,46
6,22
4,48
6,43
6,22
7,41
0,4
0,0
0,5
4,70
0,24
1,32
614,1461
112,396
0,21
0,8
0,3
296,937
0,44
0,30
7,41
12,63
33,266
1,13
0,15
7,29
3,45
11,56
7,63
5,74
0,6
0,3
33,86
22,94
1,16
1531,4695
5,49
98,417
3,37
26,160
410,1039
260,340
0,6
21,89
0,4
7,63
10,86
1,45
2,75
25,101
0,7
2,10
423,1835
33,143
98,307
3,41
0,6
18,106
8,68
0,8
244,477
261,864
1,14
0,7
1,32
23,84
4,41
25,118
0,11
14,91
3,41
0,19
58,212
5,61
33,146
5,21
2,27
6,40
47,163
125,407
0,2
6,71
5,37
5,28
0,2
0,55
0,6
6,46
2,42
17,104
7,55
6,34
8,65
5,99
3,61
2,26
9,108
147,454
0,10
9,186
16,61
1,7
1,17
19,107
6,74
2,17
0,10
1,29
0,16
5,46
4,25
2,29
41,175
3,47
1,49
6,44
0,1
4,24
1,21
7,27
3,29
5,24
1,13
1,66
4,41
4,54
0,75
8,47
7,66
2,21
2,46
1,179
18,107
372,815
33,179
3,80
201,644
2,12
2,22
1,26
25,77
3,43
11,50
4,43
4,40
4,21
3,35
0,9
18,120
0,20
6,47
9,32
0,11
5,28
1,31
1,35
3,26
108,347
25,91
4,41
0,8
3,84
2,43
6,94
3,31
0,8
1,18
4,35
31,61
55,377
1,6
2,13
0,25
1,20
8,61
0,16
5,83
76,275
0,30
5,62
0,10
23,152
0,4
7,78
0,21
5,63
2,35
21,118
6,57
1,21
7,102
0,26
25,122
0,4
1,33
77,232
32,79
51,220
0,5
13,66
10,89
5,44
0,26
6,30
0,2
3,45
1,11
24,99
242,990
0,5
5,82
0,3
12,116
2,50
6,40
80,172
3,64
0,12
24,112
160,407
2,29
36,234
3,52
22,69
32,121
24,250
0,9
0,12
32,161
1,30
23,111
340,1126
1,20
0,2
1,43
0,18
9,66
2,10
0,25
2090,5028
0,5
1,22
35,106
92,204
1,10
0,8
5,28
2,49
4,66
0,10
8,28
0,25
58,190
0,15
7,51
1,28
0,42
3,27
1,12
2,21
0,3
6,48
4,27
6,33
4,57
10,60
1,3
1,69
2,26
0,18
28,106
1,44
35,122
1,45
11,52
5,36
0,13
26,165
21,124
4,58
0,18
19,135
12,57
2206,6515
7,20
5,42
0,5
5,50
0,38
0,7
1,20
1,16
95,271
0,5
4,39
17,116
3,42
5,45
7,65
0,2
3,52
1,15
14,62
28,52
1,9
2,76
0,5
0,9
1046,2310
0,8
1,14
61,188
5,50
6,22
7,13
10,65
43,133
2,20
0,9
0,17
41,77
7,38
0,48
0,9
4,30
13,125
1,29
19,207
0,3
31,166
3,42
2,35
0,30
10,118
110,405
2,16
10,76
36,217
0,19
12,76
4,34
0,12
1,17
0,4
55,182
32,173
0,7
7,29
0,4
2,12
1,10
2,6
370,954
0,8
0,11
1,23
28,139
13,122
0,11
62,295
1,14
0,6
24,126
8,22
12,94
13,41
3,48
0,30
56,149
1,15
12,111
52,196
88,741
2,57
6,25
10,100
24,136
30,170
11,17
16,119
753,1408
69,158
141,455
4,109
0,11
76,135
3,20
0,6
20,97
7,113
3,29
88,260
2,32
1,26
1,27
3,32
14,117
15,71
0,11
4,48
2467,4994
690,1653
12,56
43,157
0,44
0,38
0,33
3,45
2,26
0,16
0,6
0,21
2,8
2,19
1,18
35,121
0,17
1,33
7,42
290,759
0,11
0,21
0,8
1,58
8,52
26,174
195,471
0,8
0,31
0,8
6,34
0,8
0,4
56,177
1,20
0,6
0,13
83,182
21,106
0,7
0,2
32,139
6,71
7,39
0,4
0,19
2,30
153,558
1,6
0,8
14,106
8,60
9,192
6,51
8,76
1,15
4,52
40,157
1,23
0,2
4,74
102,432
1,27
21,91
8,62
2,18
332,591
3,55
3,19
5,94
2,27
1,24
2,4
4,48
0,31
2,39
654,1608
13,27
5,65
0,13
1,30
0,25
7,84
2,25
1,17
11,125
13,63
34,177
91,326
0,16
0,9
6,47
1,12
0,17
3,29
9,44
1,44
0,30
4,59
1,24
9,85
0,16
3,33
0,4
24,166
6,106
2,49
3,27
1,32
0,14
13,80
3,24
0,6
0,2
1,17
0,52
97,308
0,4
0,6
0,31
16,108
0,5
83,475
9,81
5,33
12,78
3,37
182,568
68,368
51,202
97,339
574,2273
164,814
35,376
892,4244
3,35
35,117
1,28
0,8
8,61
1,23
52,138
957,2702
0,2
9,32
117,292
0,27
32,71
4,36
0,5
16,83
0,4
2,29
0,14
82,140
0,3
38,103
2,67
26,189
0,27
0,29
2,34
25,84
9,12
0,5
151,411
0,14
0,15
7,34
57,233
0,10
1,57
0,51
7,125
15,126
225,529
1253,2861
18,161
28,87
18,84
5,51
5,300
914,2310
220,794
4,36
2,67
4,49
189,580
0,3
4,86
41,143
52,162
177,683
58,231
88,336
6,25
6,43
5,57
1,20
25,81
1,69
2,40
0,5
24,229
2,37
63,208
0,7
18,64
350,959
163,537
28,58
21,167
0,12
0,4
35,164
145,276
56,146
7,38
2,29
0,10
4,30
11,78
1,10
4,72
0,3
186,698
5,32
0,5
2,60
25,113
24,170
50,135
3,34
6,33
0,4
0,3
0,7
3,23
1,39
3,53
4,38
10,85
13,104
2,20
18,139
10,91
32,107
17,59
11,67
6,62
3,21
21,58
17,29
11,89
4,26
1,24
12,99
20,162
0,28
3,18
13,115
0,10
1,23
4,44
0,23
0,28
0,8
26,164
13,80
3,59
16,126
2,22
1,39
2,92
23,95
2,22
0,29
9,91
0,30
0,27
1,39
3,18
0,11
0,4
1,17
1,26
0,9
6,84
7,123
0,13
6,23
0,2
2,31
2,32
2,35
10,67
0,5
2,26
10,80
6,28
2,26
1,24
2,38
4,19
0,11
11,40
3,27
4,27
3,13
767,2857
102,370
0,3
0,16
4,37
4,34
7,65
0,7
2,21
0,12
23,355
3,34
0,2
2,59
0,12
15,84
4,63
0,16
3,40
0,36
10,55
0,15
5,10
0,19
8,30
2,23
21,114
0,16
8,96
57,224
896,2676
4,31
0,6
0,31
0,50
661,1408
0,5
0,3
12,174
3,42
0,51
2,34
0,4
10,62
5,14
0,29
1,27
32,157
7,68
8,18
374,707
0,7
1,3
0,3
20,147
1,8
4,41
194,1010
1,15
73,147
0,3
13,98
70,215
2,15
0,20
1,6
51,233
342,1142
2,16
8,54
2,53
0,16
4419,15054
104,237
0,2
0,4
0,13
18,61
29,84
114,326
0,8
28,156
0,15
1,18
6,107
2,16
13,74
0,5
15,81
25,72
45,185
63,199
16,54
5,33
2,22
0,7
11,51
0,7
0,19
0,5
0,3
0,19
1,12
0,7
24,109
129,291
1,12
12,52
943,2430
32,137
200,625
10,73
4,27
1,9
1,19
114,219
0,9
3,56
4,100
1,46
61,84
8,43
2,22
3,29
71,252
1,10
2,43
1,9
0,2
12,93
2,29
1,15
2,12
0,42
2,19
0,18
81,336
0,3
1,60
0,1
0,2
3,37
13,81
244,723
17,182
107,243
385,948
8,55
2,34
0,24
80,202
0,7
1,3
13,69
25,77
2,57
192,450
2,15
3,41
87,315
0,4
14,32
17,71
104,253
10,24
27,104
524,1533
71,150
2,21
28,81
2,10
2,14
2,13
6,30
112,454
3,47
42,141
4,21
0,7
0,6
1,8
0,4
0,11
1,4
3,19
0,6
0,19
279,783
19,94
6,36
71,208
3,49
10,72
0,3
9,51
59,173
103,226
23,120
4,54
0,7
6,23
46,176
70,278
1,21
687,1665
0,1
4,68
2,25
0,3
1,22
19,88
6,34
2,49
22,109
23,144
51,175
0,22
0,14
1,54
34,126
30,128
70,248
7,52
93,321
142,496
15,46
0,2
17,48
49,225
0,23
0,6
0,59
1,15
0,2
1,30
1040,2262
15,48
0,2
29,104
2,23
0,7
6,37
8,33
6,42
16,74
32,139
39,167
0,5
0,2
7,57
0,2
17,76
17,69
1,24
37,172
12,48
1,10
88,347
9,34
0,11
0,13
0,7
17,47
0,23
1,14
0,8
3,14
71,186
0,3
0,2
38,255
10,66
12,60
2,8
0,13
73,245
59,214
0,6
128,537
165,678
0,2
1,57
11,80
15,107
6,48
0,19
25,193
2,18
1,24
54,182
17,89
3,37
0,11
0,5
0,31
84,265
82,327
3,51
33,99
95,444
6,56
0,4
0,5
0,6
1,23
23,121
0,5
25,88
1,39
0,7
1,12
54,161
8,68
117,666
0,6
1,27
1,10
5,37
1,10
3,51
3,15
2,35
0,30
0,13
0,21
0,2
0,5
16,115
0,35
35,161
118,307
29,185
1,10
0,54
13,116
4,42
362,751
138,380
426,1708
10,34
2,47
47,237
1,26
41,194
31,220
3,52
8,36
832,2101
4,20
1,30
4,44
15,61
23,76
10,44
6,60
129,711
187,553
168,535
0,16
1,40
25,48
3,51
0,7
14,104
188,629
0,14
5,75
11,74
6,101
13,122
10,46
151,382
0,31
10,81
0,14
0,27
9,30
1,7
0,42
25,112
3,12
0,12
20,170
9,25
0,57
2,117
0,33
16,156
1,22
54,271
8,50
1,7
1,14
7,28
0,19
25,103
1,14
15,99
6,40
0,9
0,16
0,17
2,32
1,31
2,21
1,17
94,230
2,8
30,109
120,388
0,3
14,65
0,22
3,34
15,84
1,22
0,6
5,69
0,43
22,92
32,94
119,311
0,47
65,386
0,6
0,5
0,2
26,100
2,14
0,2
0,24
7,24
0,13
0,3
0,7
0,7
0,12
1,28
1,11
0,3
5,24
1,9
88,353
8,38
0,11
1,12
27,104
0,2
0,4
28,143
0,7
9,32
1,34
39,164
8,41
137,515
1,13
4,52
0,10
0,12
0,3
2,33
195,616
7,36
1,39
1,32
0,11
34,185
10,54
5,52
0,19
0,30
0,6
16,84
1,18
1,22
0,3
0,6
0,16
0,28
3,41
7,49
6,45
0,8
15,43
0,8
2,35
3,33
0,2
0,26
50,281
0,22
40,222
2,23
1,26
4,42
4,49
1,9
1,3
31,134
6,37
0,2
0,2
84,233
0,21
51,166
0,7
28,76
0,2
28,203
25,110
6,52
0,7
19,108
217,686
6,46
2,22
6,45
9,47
1,9
32,151
9,43
0,3
4,20
3,65
0,13
0,4
6,42
1,45
1,14
0,8
5,41
1,13
10,85
0,49
0,7
2,24
0,5
3,21
1,5
1,25
1,36
0,18
2,46
137,876
0,19
2,23
0,29
5,40
0,10
0,25
11,45
42,152
1094,2322
2,34
4,46
0,18
86,138
19,89
0,29
0,34
0,21
1,34
6,76
5,72
12,96
1,11
0,24
2,20
3,22
4,35
9,79
0,40
0,1
0,33
4,35
2,37
3,47
2,28
1,28
4,41
1,43
0,11
1,46
5,51
5,47
2,35
2,33
4,31
57,202
1,23
16,152
31,160
1,16
1,20
2,36
2,20
4,27
4,41
3,25
2,39
7,53
1,35
12,126
13,98
4,75
2,54
0,8
11,46
0,17
0,43
0,22
0,20
24,88
6,37
7,43
49,79
0,2
4,45
4,15
0,276
0,5
0,14
3,19
1,26
2,28
3,22
0,7
0,4
0,31
1,7
3,61
2,36
12,89
3,53
13,71
0,16
19,73
2,32
0,4
0,21
3,57
1,14
2,19
0,7
9,46
3,60
62,163
2,91
19,65
0,34
5,92
12,65
0,40
4,39
4,55
1,15
0,33
0,9
0,13
0,25
11,139
4,31
2,42
2,15
2,43
1,17
0,18
0,13
1,26
13,84
9,49
1,28
1,23
28,201
10,68
2,35
7,47
32,85
9,49
1,28
55,218
5,48
0,3
18,61
1,25
0,17
6,48
4,25
2,26
10,44
0,11
3,45
3,50
1,29
0,25
1,38
7,31
0,11
0,24
1,22
0,24
15,79
0,30
23,141
0,19
61,178
36,208
2,11
10,75
0,15
0,9
8,100
3,39
9,94
0,2
8,142
52,175
25,114
0,44
0,5
0,25
14,34
1,60
48,197
5,23
6,72
40,94
16,80
1,9
3,27
5,79
25,88
2,80
7,32
8,37
9,35
2,22
0,17
1062,3278
3718,10931
39,344
0,9
230,492
5,66
11,66
0,24
1,20
1,12
5,39
25,114
0,2
9,49
0,12
11,55
5,40
2,39
196,514
0,9
161,507
0,5
30,132
1,63
7,19
71,169
3,25
9,69
64,202
0,7
104,301
14,71
18,56
0,11
0,5
138,389
50,157
168,588
3,30
859,2184
25,480
1,12
0,15
12,88
3,11
4,9
0,37
26,46
0,11
5,14
332,788
2,10
23,122
1,7
0,10
12,56
0,17
435,1133
13,42
2,51
386,1313
1,9
2,14
2,6
1,26
0,5
385,1320
14,76
2,62
0,5
1,98
2,66
0,4
6,53
1,5
9,105
172,387
27,113
6,34
0,9
40,134
2,25
0,2
1,6
0,10
2,30
6,43
105,283
268,859
4,25
0,23
2,28
6,42
0,15
0,4
8,123
9,64
2,34
0,6
0,2
2,35
0,3
3,40
0,6
102,338
0,4
1,14
130,916
103,380
4,41
8,50
2,23
12,135
18,136
0,3
0,5
11,51
7,61
19,77
0,34
3,98
19,79
0,13
8,40
33,83
8,48
0,7
81,305
2,28
0,5
3,18
0,4
1,16
1,32
3,35
19,110
0,21
0,16
3,27
88,310
3,24
0,4
1947,5544
47,182
0,6
141,315
1,26
13,79
10,121
4,39
0,5
0,12
11,60
0,5
0,11
6,70
2,24
9,93
11,116
2,23
2,21
142,428
1,5
0,3
5,50
3,20
0,26
0,11
0,35
14,77
0,7
15,108
0,30
9,53
0,5
0,6
0,9
0,3
21,77
10,88
140,353
7,52
0,24
5,56
11,39
17,138
7,30
0,8
0,10
1,17
1,12
8,96
1,23
0,9
4,41
10,65
1,7
1,8
10,45
15,76
17,121
0,9
5,99
2,25
0,19
13,75
14,60
101,391
13,64
148,413
33,94
5,75
1,14
1,70
3,67
0,56
259,594
7,39
0,6
1,4
0,17
137,386
18,60
0,3
51,568
242,540
18,94
186,585
5,34
0,25
0,21
0,8
7,60
2,16
4,37
8,82
0,33
0,2
0,20
229,665
3,14
531,1634
11,45
0,5
341,880
0,9
9,71
1,17
6,177
5,59
1,14
1,31
12,124
0,15
1,59
31,52
1,14
30,117
27,102
2,11
1,22
0,7
0,5
139,444
15,131
226,601
8,28
0,0
118,358
1,13
36,191
15,159
0,7
0,12
0,6
0,20
0,8
0,4
0,18
1,14
32,105
2,34
4,90
2,6
7,50
41,129
13,55
15,54
1,10
2,18
0,18
0,46
1,18
104,181
3,42
0,17
0,10
14,61
7,63
728,1930
325,647
0,7
0,22
43,197
10,31
1,7
67,220
41,96
0,3
1,19
6,23
1,11
0,4
7,45
0,14
29,131
3,54
1,52
266,566
94,323
1,14
26,95
109,270
16,69
0,4
1,29
0,3
8,71
0,6
1,15
6,25
0,7
84,158
92,368
1,19
2,18
0,20
0,10
0,6
1,13
1,50
3,18
0,5
21,51
21,96
4,28
0,8
0,10
0,4
147,563
2,41
0,18
7,181
28,107
2,32
7,9
0,19
2,23
6,75
5,33
13,87
1,19
2,38
0,9
0,4
4,26
7,62
2,20
1,12
1,27
487,1578
0,8
0,2
4,26
4,32
7,50
0,12
7,40
1,23
3,24
1,32
1,14
0,9
0,6
3,25
4,28
8,53
0,43
6,46
0,4
0,11
0,5
1,10
6,62
7,67
11,36
6,27
2,26
2,31
19,75
0,19
4,59
1,18
4,53
272,694
4,33
0,8
80,342
40,136
0,9
149,536
4,34
29,176
25,190
0,29
62,130
27,127
0,10
0,3
6,25
9,46
1,5
17,160
144,488
5,24
0,3
1,10
69,182
0,5
33,143
21,59
75,308
1,10
43,88
25,91
94,302
0,8
14,156
0,4
3,127
0,21
8,40
13,43
2,47
0,26
64,173
17,88
1,11
0,46
335,816
4,28
2,32
1,28
2,58
46,126
3,10
1,7
20,155
12,27
15,74
2,36
154,397
8,39
2,18
0,6
8,56
0,8
225,541
0,18
7,31
21,122
0,7
0,4
26,44
0,16
4,62
35,173
35,81
7,34
798,2679
5,29
45,220
135,568
1,20
8,38
41,279
189,581
9,59
29,39
0,8
0,5
26,60
8,39
13,55
9,87
0,8
9,35
4,27
12,93
1,19
2,30
0,3
38,202
1,17
0,11
1,25
2,39
2,53
0,2
0,7
2,38
9,54
1,15
7,52
1,18
2,51
20,81
8,72
5,36
7,29
40,196
0,19
1,28
0,2
9,35
16,115
9,36
35,176
3,50
0,28
1,45
2,27
2,8
4,38
0,5
0,27
1,19
0,3
855,1856
12,69
3,13
177,525
0,5
4,44
8,40
30,221
12,37
14,41
19,159
0,17
0,7
2,46
6,38
6,98
10,102
0,8
0,2
12,29
2,20
8,21
2,21
3,46
0,7
0,2
0,22
3,30
209,250
11,63
0,29
9,66
3,82
424,906
1,9
5,92
0,3
0,7
174,456
120,370
12,33
25,152
7,58
175,604
6,32
2,51
13,116
21,56
97,197
0,2
0,14
15,69
0,2
3,30
0,34
0,10
4,29
0,35
43,120
2,30
91,250
2,78
167,730
13,34
7,113
1947,4184
1,15
0,8
0,8
1,27
4,23
14,99
155,511
4,66
0,14
5,26
18,100
0,2
474,1487
107,196
3,49
6,27
6,42
0,41
2,60
0,33
1,8
38,129
29,135
0,16
5,27
0,29
1,83
355,1025
6,27
1,46
5,75
5,32
3,19
0,2
0,10
0,19
20,121
124,277
2,33
58,203
7,58
0,2
3,23
1,25
48,103
2,12
4,43
0,2
29,135
0,4
6,95
5,88
0,30
5,53
2,22
3,26
0,23
0,8
0,41
5,40
0,5
1,14
2,33
258,606
275,1121
40,81
4,16
3,19
15,48
42,118
49,159
5,20
70,290
251,581
11,31
199,534
139,440
13,50
2788,10908
0,9
40,168
20,87
31,147
102,304
18,109
16,122
37,184
35,178
35,152
902,2208
103,453
300,846
17,80
7,64
69,129
41,140
78,221
116,232
32,113
75,177
26,106
99,284
13,74
34,128
136,579
1222,3650
182,586
65,612
20,98
280,694
53,127
2,29
31,281
0,35
3,48
7,67
0,18
94,276
9,74
1,14
95,262
2,15
11,30
1,15
0,6
14,42
0,4
21,170
1,59
2,38
0,4
0,5
51,174
2,16
0,33
0,43
4,65
1,3
0,20
0,12
1,23
362,591
0,28
6,53
4,41
0,5
27,134
0,7
7,49
4,34
0,14
29,143
1,6
10,33
1,56
5,58
80,314
11,75
1,25
0,14
0,5
2,16
0,6
2,28
3,25
2,20
28,116
0,3
5,36
7,41
0,2
56,339
0,3
15,73
1,15
0,16
11,40
3,41
0,14
88,315
6,27
3,20
67,214
26,170
74,251
13,199
0,3
0,4
3,62
22,54
14,59
0,6
0,6
19,82
63,215
11,68
3,43
4,32
535,1515
1,19
0,28
0,9
0,3
0,15
22,55
0,5
0,3
14,75
6,21
0,2
125,430
0,17
5,32
4,20
14,78
2,25
15,74
2,25
217,599
10,72
0,5
2,13
1,35
97,296
8,42
20,67
0,14
3,30
0,4
5,33
1,19
66,228
16,49
23,67
7,55
6,60
37,321
8,113
14,90
1,15
12,50
2,23
8,72
2,30
1,11
0,2
6,39
1,7
1,12
0,7
0,21
0,4
1,11
31,152
0,22
0,13
91,340
5,25
1,17
7,56
0,4
0,17
7,49
6,53
6,26
0,17
3,36
47,119
33,80
3,59
0,28
4,53
0,9
3,61
0,3
0,9
1,13
18,130
4,56
1,28
0,4
0,23
8,52
3,7
165,411
43,230
2,26
92,340
0,13
4,21
2,18
112,343
1,19
0,1
0,11
0,4
2,32
0,3
0,1
0,19
71,265
0,6
4,27
0,29
1,16
3,27
0,3
7,58
28,94
0,9
94,297
0,5
49,254
1,15
0,11
10,55
9,71
0,17
5,48
0,35
5,59
2,45
5,44
0,9
18,90
2,16
28,105
53,207
6,41
12,52
4,51
16,44
8,82
36,199
0,8
1,30
1,15
198,304
5,17
7,51
3,20
2,41
1,35
0,25
20,84
0,9
3,26
0,7
19,88
1,20
0,18
22,70
4,49
0,5
0,5
0,11
35,166
6,36
1,19
0,5
0,15
0,4
10,55
18,180
6,32
97,341
0,35
4,27
0,24
23,92
5,37
3,12
1,28
6,31
21,44
0,2
1,57
99,364
19,128
13,84
0,11
5,36
0,4
2,13
3,115
0,9
0,14
2,32
1,19
2,9
23,93
0,14
7,103
87,361
1,15
6,28
5,64
56,178
8,74
0,11
0,13
0,5
7,32
1,23
5,46
4,77
49,85
0,10
4,47
65,258
115,275
0,24
510,1455
601,1313
1,11
0,6
34,72
0,2
0,5
4,12
15,102
7,48
8,34
3,33
0,2
5,92
0,8
5,27
2,31
2,9
0,18
2,35
63,172
0,11
154,518
4,27
1,28
0,14
7,13
33,148
4,15
5,54
8,56
0,5
16,119
9,51
0,7
7,49
1,31
8,66
0,3
7,67
1,34
0,16
2,20
14,47
1,13
8,73
6,24
2,26
1,20
2,53
15,106
2,42
12,45
5,34
6,56
0,30
4,47
0,40
2,42
1,45
3,25
0,30
2,23
1,29
0,34
0,34
44,161
0,17
9,66
0,9
7,47
0,18
2,21
0,23
2,22
12,83
2,25
0,10
0,12
13,86
0,14
0,7
13,72
0,10
3,34
0,19
3,17
10,86
1,28
6,22
5,64
9,50
2,127
4,44
3,51
3,26
31,259
6,86
1,36
2,22
46,963
0,16
142,339
3,12
76,245
1,4
1,22
22,74
8,64
4,44
0,14
5,72
1,37
0,2
17,111
2,32
3,24
17,89
2,16
1,16
10,96
1,62
5,23
18,155
3,21
15,111
4,57
0,7
13,62
4,23
10,46
0,9
1,12
7,64
3,46
19,95
1,22
0,3
11,31
0,22
0,13
0,47
2,42
8,108
7,61
3,71
3,31
0,1
0,4
0,9
0,2
0,18
30,101
0,9
24,190
1,30
2,28
2,4
5,15
157,528
8,55
8,44
2,42
19,90
3,53
0,4
3,51
0,11
2,30
2,68
0,19
6,50
17,73
7,60
76,328
1,40
2,26
3,30
1,19
2,35
4,20
8,32
0,3
3,29
5,32
5,50
3,56
94,197
0,3
274,870
25,95
12,167
18,82
3,38
1,44
8,38
0,15
5,63
0,3
2,50
3,21
6,31
283,2466
57,243
10,40
25,63
34,193
1,36
2,5
0,23
2,20
0,6
4,76
5,34
4,76
2,44
47,126
0,3
1,24
0,11
0,2
2,32
2,38
0,3
3,27
12,78
15,113
0,32
0,37
1,23
0,12
0,9
6,39
78,291
6,27
5,74
0,20
1,27
0,5
0,2
10,83
3,49
15,52
30,120
0,5
6,196
0,8
3,28
13,62
1,9
1,48
8,52
32,115
0,20
1,33
5,39
48,235
1,20
7,84
0,12
1,27
0,39
1,18
2,37
2,40
2,26
0,6
1,21
0,27
5,76
1,4
25,149
15,81
0,13
7,30
10,57
1,30
1,6
7,16
675,2289
7,46
0,4
0,2
8,64
21,48
27,106
0,6
0,2
0,3
0,9
0,5
0,4
33,178
1,10
4,43
18,134
9,61
8,79
24,60
119,372
18,110
0,7
1,15
106,374
0,2
14,70
0,8
5,16
59,177
14,66
1,25
9,70
0,18
0,40
3,19
0,34
0,13
2,45
4,62
4,43
2,18
26,92
0,1
9,49
0,3
0,5
248,734
5,84
0,5
20,50
28,62
3,57
739,1847
0,11
0,1
0,27
20,103
403,1342
1,81
177,580
11,163
1,17
0,8
1,29
4,12
25,92
0,7
0,3
4,47
3,24
48,149
4,32
0,29
1,22
1,16
3,28
21,87
0,21
0,23
3,23
3,27
0,3
5,36
4,44
114,352
522,1008
7,42
19,99
11,67
5,51
6,50
0,6
13,78
14,51
4,21
8,93
12,63
13,129
1,36
2,24
3,25
2,23
14,76
2,43
34,168
2,15
6,36
2,19
4,28
408,1116
33,96
37,166
4,26
16,235
7,48
0,12
41,184
70,196
40,240
72,213
17,60
39,380
0,23
4,44
7,51
3,61
31,71
39,194
0,18
65,150
0,14
100,209
5,76
20,143
0,13
20,160
0,28
1,49
12,98
0,2
15,63
42,143
7,23
3,42
1,39
24,111
3,20
11,100
8,49
1,21
3,21
1,12
13,55
30,193
6,36
3,32
0,17
5,68
7,34
2,25
809,2326
23,208
0,15
0,2
6,40
0,2
4,34
2,15
0,3
8,54
12,143
4,42
24,179
20,99
0,8
2,31
4,47
5,93
0,3
0,17
7,48
10,113
2,15
56,72
6,45
6,32
0,11
13,83
23,136
0,14
1,28
0,2
2,59
2,24
0,28
0,21
2,27
0,5
82,239
0,11
133,474
1,4
4,40
5,68
0,6
14,66
0,33
4,17
0,11
1,35
2,19
1,20
3,47
2,17
3,22
5,35
1,31
24,158
2,55
30,202
1,11
2,21
3,41
1,41
0,4
5,47
3,36
4,20
8,31
0,3
3,40
8,94
2,47
28,112
94,731
11,74
0,4
1,26
14,63
12,70
13,57
21,60
7,26
13,55
5,28
2,22
10,80
4,55
0,3
0,5
0,10
0,4
3,46
5,83
21,77
3,55
6,178
206,414
30,121
0,17
3,35
3,43
0,14
1,16
30,170
0,3
0,6
0,7
21,165
71,204
72,489
15,77
18,79
2,64
8,41
7,39
9,44
9,54
5,33
1,43
3,61
0,4
2,22
0,7
2371,9233
2,18
2,22
0,12
2,35
127,522
0,16
4,25
5,35
1,6
2,19
1,6
1402,3930
0,32
43,135
4,69
117,414
12,39
148,402
12,181
0,13
2,29
0,8
1,15
12,64
1,35
1,23
24,149
10,98
0,14
0,6
5,60
0,3
3,28
2,27
0,20
0,23
2,21
0,3
2,91
1810,5724
39,175
0,8
2,21
0,5
0,9
0,2
3,19
5,83
1,20
4,29
0,19
3,28
5,41
0,6
0,3
3,30
5,52
1,16
2,30
0,20
0,4
2,37
175,511
41,111
0,21
7,52
0,5
2,8
0,23
7,66
0,5
0,15
65,198
0,17
0,9
137,515
1,19
3,45
0,7
5,104
0,13
9,55
12,94
156,2290
2,322
0,5
10,33
1,17
8,39
1,17
0,13
22,105
22,64
149,264
0,2
0,11
7,41
0,10
14,45
1,37
1,54
0,5
11,67
0,12
100,411
4,61
0,99
0,12
3,23
292,661
16,47
8,37
74,191
0,5
2,29
245,852
35,91
0,15
14,98
0,9
16,179
1,21
1,12
7,70
256,916
4,23
41,200
7,41
18,171
51,175
76,343
25,67
3,28
2,4
17,59
2,34
45,211
32,99
0,6
0,8
3,44
0,16
0,15
0,23
1,9
3,21
0,4
0,4
201,591
1,9
9,102
0,7
0,5
0,7
3,19
13,50
1,57
74,245
1,11
1,9
2,21
4,43
3,29
0,5
1,15
1,19
0,4
1,21
38,176
0,7
0,22
0,39
12,32
33,202
2,28
0,7
1,20
2,26
0,5
957,2282
1,15
0,4
10,23
1,13
0,15
0,3
2,39
0,9
0,10
7,39
0,42
32,189
0,13
38,123
0,10
2,38
11,48
5,32
33,145
0,38
1,15
0,8
0,5
51,153
0,9
1,11
1,12
6,69
0,5
38,122
0,15
8,50
0,2
3,39
0,18
2,18
1,28
1,36
9,33
1,20
0,14
6,97
4,31
0,18
1,37
1,27
2,41
0,4
1,15
9,46
0,34
1,14
2,30
2,25
7,52
5,59
0,7
2,20
9,41
6,54
11,79
0,1
0,21
5,114
6,37
13,36
0,7
1,10
3,26
1,23
2,16
1,20
2,21
2,36
1,51
23,138
1,31
0,10
9,285
1,24
0,9
6,41
5,40
4,50
0,19
9,119
4,23
6,31
3,23
0,38
0,6
1,17
0,2
11,73
8,60
0,21
3,37
1,33
0,3
7,67
2,23
2,35
5,88
74,395
4,30
5,25
7,34
735,1528
8,84
3,45
470,2076
20,133
7,41
1,15
0,12
44,193
0,26
1,21
32,197
2,24
3,33
3,27
0,21
6,39
0,4
0,38
5,22
0,4
1174,2490
4,93
0,31
2,37
7,77
24,315
1,14
22,97
10,98
1697,4539
583,1317
2,27
3,40
0,25
1,28
0,27
1,22
1,37
0,54
1,5
23,124
6,22
4,39
0,15
1,32
3,64
1,18
20,179
2,18
1,19
4,41
1,23
0,7
11,114
7,150
8,133
4,29
3,31
2,9
1,19
37,172
9,73
0,28
16,59
3,42
1,21
22,103
9,72
2,54
4,44
5,40
1,44
1,36
3752,13615
3,38
4,74
493,1158
3,52
4,49
0,20
6,73
0,10
0,3
0,12
5,85
1,35
1,6
9,55
4,16
0,5
3,34
5,99
20,122
0,8
4,20
202,464
430,1681
0,13
1,12
0,2
19,76
0,5
0,4
1,38
2,30
0,9
0,31
80,368
1,21
227,671
34,275
1,20
2,44
0,4
40,305
118,367
0,2
11,73
0,44
0,6
16,77
71,189
0,4
0,17
52,318
0,5
2,20
429,867
481,1137
12,65
6,60
0,10
0,24
11,123
0,9
0,1
18,76
0,9
1,16
0,9
15,51
0,26
0,3
0,7
0,8
64,211
2,19
10,41
54,226
4,26
4,21
8,59
0,4
11,138
0,4
11,119
0,3
76,251
8,32
1,12
0,28
0,10
7,97
176,393
0,17
3,34
0,4
1,35
4,69
0,9
5,33
2,20
9,58
0,28
1,7
48,144
10,111
7,51
377,1085
12,54
779,2158
3,26
3,29
7,46
1,8
0,1
3,45
43,120
17,60
0,7
0,35
0,10
0,5
40,491
19,80
2,40
0,2
4,9
28,158
0,3
4,33
0,2
1,24
2,17
0,62
1704,4735
0,14
13,72
170,225
2,27
0,46
21,102
0,23
7,52
2,17
4,20
1,9
0,12
5,17
1,29
8,82
16,68
5,73
1,26
4,44
1,32
4,30
17,97
12,75
16,77
13,45
1,17
0,3
0,3
26,70
13,59
2,46
0,6
0,13
113,439
6,63
3,58
3,71
0,22
3,34
0,3
0,4
242,653
0,6
0,6
4,133
267,779
1,19
3,29
7,44
0,19
2,38
0,8
127,412
0,22
0,13
6,98
0,14
1,14
0,21
3,75
0,5
2,17
0,3
6,36
7,63
2,37
100,384
318,1152
48,192
0,16
0,13
43,167
0,14
2,22
0,16
0,46
1,12
112,268
0,5
0,5
0,5
1,33
3,21
0,9
151,511
0,50
0,2
5,48
13,27
3,22
5,41
9,83
5,98
0,2
49,246
11,42
4,36
0,5
2,18
9,71
11,51
1,18
0,18
4,43
2,19
57,191
2,32
0,22
1,5
0,18
10,74
49,498
124,433
3,37
1,17
0,11
3,31
17,118
3,11
0,2
9,126
5,59
12,115
73,300
1,3
3,21
0,15
1360,4480
2608,9079
0,7
0,18
37,147
4,56
1,25
0,7
0,10
1,9
1,27
32,84
54,138
3,17
7,71
0,41
6,49
3,13
65,187
0,12
8,51
2,61
1,34
0,18
1,5
1,32
2,10
59,187
6,31
14,74
12,65
87,404
17,81
0,24
0,5
4,40
7,20
78,406
0,6
6,63
0,5
2,53
0,46
4,28
14,85
0,4
0,2
0,3
1,18
2,15
41,121
1,20
0,18
3,49
3,44
2,46
320,939
36,276
0,5
6,34
7,54
1,19
4,29
0,4
2,35
36,186
1,49
0,189
0,25
0,26
0,30
5,77
0,25
3,33
0,36
4,75
208,570
18,68
0,1
2,46
42,268
0,15
0,25
3,42
18,124
2,22
3,56
2,19
0,5
0,43
0,10
3,136
13,106
6,29
11,60
72,167
1,29
5,26
14,84
3,25
0,11
5,32
0,3
15,101
0,25
1,16
8,67
1,49
0,8
0,16
1,29
2,28
1,33
2,21
4,15
3,46
3,33
134,606
13,119
4,88
21,154
1,13
1,26
0,6
2,24
14,78
0,6
2,33
1,23
3,32
29,112
0,10
2,17
10,76
1,27
2,20
18,74
2,44
2,17
25,106
1,12
1,20
23,133
0,17
0,22
2,26
1,16
1,12
2,25
13,60
5,44
0,13
2,27
229,648
0,3
0,29
23,95
11,36
4,28
0,4
0,2
2,47
0,17
1,6
6,44
3,24
0,7
2,27
0,25
1,23
78,278
5,70
1,16
0,5
1,25
12,49
0,6
6,65
0,18
5,107
0,5
16,49
5,67
110,178
6,40
3,68
0,32
333,645
5,43
1929,12550
395,3027
127,677
15,120
13,63
0,8
2,22
1,26
5,44
0,47
0,17
8,33
430,1316
0,3
20,88
40,193
2,10
17,99
0,14
3,66
1,45
3,18
0,7
0,8
22,79
21,94
1,33
6,55
4,40
371,1299
0,2
1,15
0,4
0,4
1,18
13,71
0,4
31,195
1,19
3,54
0,14
133,457
22,108
20,154
1,70
1396,3604
19,116
1,3
0,18
1,64
0,22
0,3
4,31
8,63
2,10
25,73
44,285
21,140
56,200
3,27
0,7
4,32
684,1647
4,196
15,513
0,24
3,45
31,259
1,26
100,328
7,59
0,3
9,48
1,19
9,58
20,96
4,24
11,143
9,77
197,582
3,31
8,66
0,5
2,19
11,49
229,1245
9,36
330,966
1078,3142
6,81
3,8
0,8
0,5
2,18
128,408
0,29
3,18
0,28
9,74
2,76
10,56
2,86
0,23
6,51
0,3
0,7
14,85
5,32
1304,2529
574,1341
9,113
53,266
11,33
0,11
24,92
0,8
1,22
3,232
1,30
13,143
1,22
4,25
7,78
1,25
0,3
0,2
7,96
3,26
0,3
0,17
19,64
96,330
2,36
4,20
1,28
2,20
0,4
0,13
1429,4469
0,19
4,36
1,7
2,46
1,20
2,37
3,24
0,7
3,35
1,24
6,56
3,37
1,33
9,79
1,8
2,61
13,101
17,114
1,21
0,11
14,65
5,47
22,92
0,10
15,153
11,89
0,25
50,187
0,23
8,43
1,15
1,19
0,13
6,107
17,76
5,18
0,2
39,290
2,19
0,8
19,103
0,18
0,19
11,68
36,80
1,14
1,8
3,81
77,245
0,1
0,4
2,17
11,86
1,29
1,65
20,93
12,117
0,34
25,130
22,147
21,92
0,4
1,18
4,35
14,100
2,24
0,21
7,70
0,8
1,24
2,18
0,7
155,367
8,104
0,6
10,34
5,21
3,19
0,5
52,141
0,9
0,29
0,23
2,32
2,23
172,503
8,44
0,9
11,86
0,10
4,40
0,6
1,29
0,13
0,4
42,177
10,78
51,303
0,5
0,5
31,121
9,24
4,13
2,27
116,354
0,4
5,43
125,586
0,16
6,138
0,2
0,6
1,15
8,28
62,152
29,443
0,16
10,50
0,5
2,55
0,17
12,63
183,511
2,84
52,176
3,47
113,443
3,39
12,96
0,44
12,117
3,27
0,2
46,147
779,1470
2,22
4,42
24,61
1,15
7,41
3,46
3,24
0,13
0,16
3,27
1,24
53,341
0,54
1,24
3,18
0,16
35,133
12,69
1129,2326
115,298
9,23
17,121
0,4
8,52
0,29
3,95
11,107
25,165
1,22
9,65
7,42
3,35
0,1
8,41
2,55
44,267
14,39
0,19
10,90
2,25
28,145
33,71
6,38
2,13
0,8
0,10
1,20
11,113
6,58
3,49
21,111
0,28
0,2
0,11
0,31
1,15
3,30
6,102
5,47
2,21
1,14
0,4
0,16
2,26
2,28
6,22
1,6
3,46
11,75
8,51
15,75
4,54
3,24
3,45
42,200
1,25
6,31
1,7
7,37
3,14
3,11
2,13
5,59
55,111
302,694
2,60
6,70
4,30
1721,4491
17,95
2,18
0,2
0,21
3,34
3,48
3,72
0,8
6,33
7,58
1,38
5,35
2,57
2,20
12,108
11,68
11,96
4,22
1,36
4,118
0,63
487,1156
6,26
13,43
27,112
1,17
5,56
5,32
3,30
13,56
0,14
3,43
2,80
5,93
12,42
0,16
30,137
61,154
3,57
13,127
28,139
3,49
25,89
5,48
1,7
31,96
0,18
0,6
40,183
0,18
1,45
12,115
9,91
7,54
0,8
4,53
2,17
7,28
16,89
9,26
77,356
57,191
0,4
6,36
4,73
150,437
3,46
3,18
22,106
0,2
0,3
12,67
151,530
8,37
2,21
1,20
5,53
0,3
2,14
10,43
0,24
1,54
131,441
3,23
6,37
17,61
1,53
80,265
5,16
5,27
1,18
0,20
8,58
0,21
0,11
12,63
6,47
577,1904
4,30
20,140
15,192
4,48
3,8
0,57
3,47
4,87
0,11
10,69
18,86
0,35
1,60
30,162
14,85
0,3
3,51
0,3
11,83
15,108
44,229
0,4
3,20
3,79
1,25
5,48
1,22
3,22
5,40
11,67
13,43
3,29
0,9
0,5
0,22
385,867
2,49
9,57
2,25
1,3
1,21
2,16
18,59
6,68
1676,4058
1,48
0,3
38,97
0,36
0,4
14,67
0,5
0,6
16,51
0,48
4,39
7,30
56,229
0,21
12,119
0,36
1,29
0,29
0,7
3,42
8,58
56,260
3,16
8,34
2,14
1,20
1,19
0,8
12,74
3,40
3,15
0,10
0,18
7,80
0,4
2994,7113
0,7
0,23
5,72
0,3
0,56
1,29
117,391
2284,4920
18,135
13,65
2,28
6,63
1,14
0,20
8,45
0,35
1,5
0,14
0,2
4,43
16,89
2,14
1,12
1,21
77,292
2,31
5,68
2,36
0,17
10,82
8,78
1,27
4,56
3,81
0,8
2,25
0,7
2,18
0,32
3,14
0,22
1,16
2,22
6,88
2,35
8,34
6,129
1,29
0,33
7,38
2,26
5,28
0,14
4,57
0,19
1,17
4,71
0,43
0,4
2,46
0,103
0,7
1,16
3,70
3,35
0,8
5,26
44,121
0,4
2,35
1,19
0,33
0,9
1,15
2,29
13,64
3,104
1,17
12,53
1,17
0,17
2,29
36,150
5,34
13,70
2,37
0,13
1,15
3,24
0,25
6,59
1,25
497,1210
1223,2504
7,58
6,52
2,40
0,7
7,40
28,70
0,39
0,17
21,82
0,5
0,8
2,66
10,56
113,366
0,10
1,11
2095,3980
26,90
2,135
99,273
7,48
1,14
2,18
3,36
12,46
711,1943
0,36
554,1375
7,71
5,52
0,2
0,8
4,19
0,8
1,8
9,42
1,34
0,2
195,663
11,63
53,194
124,450
2,22
0,7
10,64
34,189
173,494
2,7
0,37
0,9
8,48
1,9
0,13
0,9
13,94
1,18
1,70
0,8
0,25
2,15
109,465
3,20
9,56
287,877
12,36
53,214
0,1
0,6
7,71
0,19
71,210
9,52
0,10
0,6
17,109
3,65
626,1316
0,8
13,49
5,40
186,663
1,43
0,11
1,30
3,73
0,15
233,705
0,9
0,8
1,9
3,29
2,13
12,63
4,28
6,73
0,1
0,63
2,27
2,27
10,41
16,71
115,427
36,100
0,4
0,47
9,96
0,2
0,5
69,175
0,8
6,42
1,10
6,24
6,52
22,79
0,7
11,44
108,441
0,4
0,2
0,7
0,20
2303,6116
11,83
0,37
0,3
1,28
0,6
1,28
1,21
0,10
8,80
1,23
1,29
1,30
0,2
0,17
15,68
0,16
1,8
0,27
109,645
43,159
0,7
37,216
637,1721
1,15
9,84
1,12
40,185
4,68
15,84
0,2
0,18
17,85
10,62
0,13
0,5
1,27
7,64
0,10
4,50
1,23
1,27
0,54
0,4
0,16
17,147
5,32
218,1323
2,13
21,110
2,19
1,33
12,52
46,129
3,22
0,17
0,33
3,6
1,8
4,16
0,8
0,23
84,288
12,91
56,105
1045,2957
6,23
58,217
0,11
0,4
1,16
6,70
0,2
8,51
2,10
3,38
1,17
0,17
15,59
6,55
10,46
6,24
0,3
2,11
1,12
5,24
13,121
27,90
0,34
0,3
17,118
2,26
0,9
7,45
3,28
5,47
16,108
4,40
1,34
2,12
1,45
18,54
25,87
3,26
3,39
9,52
36,75
2,13
0,7
0,22
1,10
0,17
1,23
0,9
5,20
0,35
17,71
7,46
175,769
8,49
38,115
0,13
4,55
0,12
9,56
27,109
0,29
0,27
10,63
2,19
0,23
4,11
0,16
3,24
1,17
0,13
2,83
0,8
1,38
181,545
0,8
78,442
59,269
16,71
8,38
117,300
1,16
0,5
23,85
2,17
20,66
0,25
7,28
0,72
40,161
44,148
0,4
1,22
0,3
26,141
32,93
26,98
1338,2829
0,9
138,292
51,170
30,146
0,5
17,84
3,29
9,45
0,13
20,56
5,61
1,21
12,61
1,20
2,91
138,438
0,3
0,6
1,7
56,184
35,115
13,43
10,55
9,73
3,90
44,123
103,250
0,2
4,109
5,53
0,6
3,17
0,3
17,125
0,4
3329,9295
41,105
0,3
0,28
1,13
2,15
6,41
24,92
8,39
9,51
11,142
2,45
10,41
77,218
1,34
3,42
5,26
5,42
6,56
0,19
2,24
2,30
70,149
7,81
2,12
0,4
3,52
21,98
1,10
23,74
3,26
1,22
131,366
107,360
29,72
1,32
760,4641
80,431
3,15
2,47
7,60
4,34
49,125
65,267
3,30
174,670
3,62
56,234
2,34
9,26
20,84
0,4
95,540
0,7
0,4
1,14
19,68
0,6
0,3
3,31
7,68
9,39
4,29
0,4
0,6
0,9
8,80
1541,5525
7,38
6,29
280,941
0,3
10,52
7,72
0,3
6,37
6,53
3,19
17,71
75,242
0,8
1,12
3,28
34,77
0,35
1,14
0,6
12,117
0,18
12,41
4,36
7,33
69,249
2,24
0,32
5,23
0,29
0,6
0,3
0,2
1,16
0,12
1,30
28,144
0,6
2,44
2,6
4,49
0,4
24,132
2,23
4,30
5,28
4,39
2,57
4,39
0,7
2,33
31,375
0,44
247,735
0,3
13,97
9,82
1,13
2,25
4,59
22,121
1,9
2,24
4,42
0,258
23,157
4,31
81,163
3,21
11,47
0,7
15,58
24,171
3,23
5,27
1,44
9,70
90,285
4,54
1,7
248,643
0,3
0,53
8,58
77,332
0,5
2,16
2,64
0,15
2,53
29,124
0,9
113,387
2,4
1,16
3,28
0,22
13,120
3,25
4,58
93,266
12,113
28,157
0,21
1,38
4,31
0,17
1,21
6,30
0,13
10,63
57,210
22,111
40,146
2,17
4,106
3,57
5,90
68,264
8,44
1,29
0,20
0,18
1,27
10,79
115,344
1,29
0,6
3,59
1,60
5,61
30,155
5,33
4,51
0,17
0,7
13,69
3,20
8,129
4,25
199,898
1,22
13,35
11,117
1516,3493
0,11
8,40
0,4
0,4
2,17
1,46
7,39
9,73
1,19
1,25
2,11
2,19
2,31
0,8
18,56
4,99
1,20
0,16
31,83
0,15
1,15
55,281
4,37
0,16
1,25
2,35
0,5
1,79
42,148
2,37
0,22
3,34
0,7
45,164
1,31
0,6
9,38
256,903
14,114
1,29
0,25
0,5
4,28
1,25
87,308
5,52
13,184
2,41
0,19
47,158
36,125
4,63
30,70
0,4
1,31
5,29
2,25
15,104
1,20
3,23
2,42
4,22
4,24
21,136
2,22
8,27
3,17
0,30
0,9
0,4
0,2
150,302
10,45
23,89
1,15
1241,3078
4,31
272,866
4,26
24,86
1,5
1,23
51,115
3,26
3,20
13,49
14,42
0,94
0,11
1,56
6,88
12,89
1,58
7,60
10,56
6,30
0,15
29,158
1,12
1,36
2,27
4,8
1232,4379
1,37
107,378
32,93
0,11
9,32
0,3
5,39
55,99
15,117
1,20
0,12
2,38
1,23
23,53
0,18
3,26
1,24
12,41
0,5
4,47
0,4
0,7
3884,13012
5,58
6,50
13,79
6,40
20,84
19,56
3,33
2,67
15,216
27,230
0,41
0,3
6,34
66,189
26,156
17,84
3,41
1,17
1,45
0,2
0,5
2,46
16,131
13,99
3,34
4,27
0,13
0,23
1,26
0,3
2,27
16,106
1,17
0,24
9,57
3,27
10,74
1015,2028
1,8
0,20
0,4
1,28
4,63
11,72
8,56
0,27
0,7
0,28
2,17
1,26
1,44
0,4
0,3
1,19
2,55
1,52
39,96
1,41
0,23
1,22
1,26
1,32
10,33
4,23
2,23
2,28
6,51
12,106
313,790
14,75
0,3
0,5
155,573
5,33
0,21
14,88
8,90
1,40
0,8
1,32
2,36
4,33
2,45
1,20
6,41
0,5
0,19
11,50
8,50
2,27
10,59
2,71
1,23
0,41
10,35
7,52
1,17
0,13
1,8
1,19
10,50
5,74
2,19
0,34
13,82
0,24
14,74
42,134
0,7
1,33
5,24
9,61
3,31
6,58
25,75
16,103
21,56
0,4
3,39
1,24
1,36
21,81
487,1374
1,23
4860,14441
233,789
2,17
3,31
0,27
152,602
1,14
0,3
0,5
1,17
4,35
11,41
1,15
3,19
2,28
36,123
57,381
3,16
1,26
2,31
6,48
8,50
0,20
9,46
0,30
5,48
6,40
2,57
19,122
0,19
2,24
4,17
0,4
0,4
48,186
0,2
6,29
1,35
194,631
11,118
0,11
0,7
0,4
1,8
6,40
1,18
19,89
0,17
1,22
6,59
3,39
12,70
2,20
0,44
1,32
3,28
0,20
2,7
0,22
10,70
1,22
2,72
2,40
0,6
1,35
0,2
2,21
1,23
212,491
3,30
1,36
2,19
7,49
3,44
4,92
32,247
0,23
0,2
16,93
1,11
2,18
1,32
5,71
2,18
13,120
0,2
4,27
0,6
1,21
0,6
32,88
4,26
41,189
91,249
2,31
45,169
7,103
4,89
11,44
34,92
8,72
5,43
229,625
22,91
14,81
36,152
1,24
14,28
0,5
0,5
0,9
4,82
5,82
2,18
0,5
8,36
14,46
14,132
1,47
3,49
2,76
2,15
21,83
0,13
0,49
2,22
48,258
1,34
0,4
5,24
87,319
0,20
0,42
18,77
0,3
3,26
3,24
0,5
0,5
1,26
0,9
0,27
3,47
3,37
38,220
2,25
0,5
0,33
1,16
3,23
7,77
0,27
0,5
0,99
0,40
0,3
4,69
2,44
6,62
19,89
0,17
5,64
2,56
13,120
6,89
2,30
9,42
12,51
1,9
10,42
0,31
73,262
0,4
13,59
9,50
4,28
13,72
0,3
1,36
5,49
73,271
37,101
0,16
7,63
0,5
3,26
1,30
0,8
1,36
1,18
53,161
1,31
2,19
0,20
6,31
8,52
1,32
3,34
4,65
1,26
4,19
0,23
0,28
2,30
11,119
0,30
0,25
5,63
0,1
1,32
0,5
1,15
1,15
1,25
1,22
12,61
8,44
3,31
0,7
3,29
13,111
0,9
1,14
2,52
8,61
1,18
4,49
4,51
0,9
4,49
78,373
20,52
17,72
0,13
4,42
1,24
2,21
1,11
22,189
6,81
0,13
2,77
2,20
16,91
9,47
10,57
0,12
0,20
0,6
1,16
74,560
2,25
0,22
2,31
19,112
1,78
6,78
5,26
2,36
13,61
0,18
6,46
0,28
1,12
9,32
17,88
41,126
10,67
0,25
91,397
22,98
19,243
14,133
7,50
33,165
3,23
72,403
0,4
4899,10566
11,80
8,36
0,42
0,16
1,16
28,94
5,36
0,37
2,29
6,85
342,695
93,194
1,31
2019,4045
0,5
876,2476
6,179
0,7
4,43
4,25
21,89
6,38
36,116
201,681
5,32
1,14
2,25
3,22
1,9
70,149
11,102
3,35
15,91
0,9
5,38
4,34
0,28
30,390
4,63
0,3
2,39
0,10
0,6
1,19
0,4
0,9
0,23
0,1
0,4
0,13
4,45
0,15
1,25
6,49
3,20
1,59
2,42
1,17
0,7
1,40
2,27
0,5
43,89
8,42
2,39
0,51
2,19
2,22
2,27
17,103
7,30
0,1
29,788
0,6
0,23
0,13
4,35
1,24
1,13
0,11
0,20
0,1
0,24
3,25
7,32
1,22
0,4
15,70
0,16
0,19
5,29
0,5
1,30
1,55
0,3
10,62
0,16
21,73
0,12
22,102
6,42
0,11
0,7
1,41
0,11
0,8
0,9
5,21
12,78
20,85
13,108
71,228
8,39
2,24
8,29
8,30
6,25
0,1
2,44
5,25
4,64
2,22
2,19
3,17
2,20
4,61
0,146
0,26
1,15
1,19
4,48
0,7
4,29
1,22
3,35
1,20
0,8
3,42
3,43
0,34
8,40
13,67
16,93
10,82
3,46
2,23
1,30
3,32
0,12
7,55
4,50
38,238
1,19
1,12
9,57
0,6
4,45
4,25
5,17
0,9
20,72
16,91
0,15
0,5
1,9
0,6
46,157
1,17
1,25
0,12
5,70
8,54
1,29
10,82
9,67
2,19
4,33
13,167
13,72
13,30
2,26
3,38
1,27
19,195
0,1
1,48
2,11
2,19
3,20
2,21
3,36
35,173
11,79
0,9
1,30
0,25
5,55
25,115
6,65
30,99
0,26
0,23
0,11
2,50
1,34
1,4
5,36
2,30
1,24
1,33
14,94
0,15
9,43
5,43
38,223
1,7
61,164
0,4
805,1840
269,665
0,12
3,14
13,63
13,54
1,12
0,22
8,48
2,28
34,68
1,23
9,76
16,64
12,126
7,18
0,34
10,67
4,53
361,939
4,57
0,36
0,6
92,184
4,51
0,33
11,114
0,5
4,41
15,70
1,28
13,54
0,3
36,150
0,5
0,6
24,128
0,5
1,19
0,19
194,492
15,54
4,32
0,2
0,7
3,42
6,51
1,19
2,21
0,3
0,54
3,43
27,111
0,11
0,8
21,77
1,91
110,404
6,13
2,34
47,120
95,296
0,1
1,13
2,51
31,148
3,47
1,16
14,75
23,160
156,601
0,38
3,34
13,83
0,17
3,11
1,22
11,94
2,22
0,6
4,21
1,32
0,10
4,29
2,56
0,4
43,174
2,18
9,38
1,11
1,38
12,60
150,287
11,92
0,21
10,61
3,20
0,7
0,4
2,17
0,7
11,79
0,7
12,75
26,79
34,132
1,65
12,77
0,5
64,256
0,4
1,25
8,59
2,20
0,9
12,114
1,8
9,44
5,87
1,28
14,71
0,3
14,96
36,143
9,43
3,30
17,90
0,3
2,15
5,61
1,9
87,404
7,18
6,113
27,88
3,24
4,44
17,97
1,22
4,70
11,31
2,44
26,162
4,87
687,1833
0,2
403,1027
0,10
3,47
1,29
656,1860
1,21
0,4
5,56
4,37
1,16
1,68
1,20
144,339
19,93
1,29
0,5
0,2
4,32
0,4
46,205
0,2
8,15
8,27
16,107
0,8
45,181
48,167
3,21
295,927
7,62
7,121
8,56
24,57
467,2306
0,13
15,85
30,50
0,5
1,23
0,31
5,58
3,27
5,57
2294,6882
2,19
3,25
0,1
10,48
9,35
56,108
2,4
399,1152
3,22
0,2
11,38
0,11
12,52
0,6
550,1197
94,230
2,57
1,20
1,11
0,9
1,12
0,5
0,3
0,2
1,40
0,11
45,233
0,5
50,184
0,7
1452,3250
3,19
17,63
4,64
289,835
8,27
14,84
6,25
0,8
2,14
0,19
47,168
0,51
4,23
29,109
0,4
0,4
0,12
0,6
7,41
14,97
0,1
195,465
139,606
27,108
1,74
1,44
5,102
155,308
1,33
246,729
4,25
2,21
2,32
21,117
12,91
17,86
0,6
0,24
14,80
2,18
8,36
6,32
1,7
20,50
57,313
1309,2803
0,3
3,25
0,27
19,68
0,14
8,44
0,5
2,33
0,4
30,175
2,33
8,104
7,55
2,18
0,24
2,27
184,257
36,49
2,39
2,22
8,111
4,30
19,93
6,25
0,2
1,19
1,11
0,9
2,21
0,2
0,4
6,51
330,945
5,89
26,107
1727,4298
1,42
129,286
52,135
102,178
2,33
3,22
14,44
1,19
1,22
2,23
0,17
0,5
168,422
38,181
47,193
43,155
0,1
0,3
1,5
107,518
0,5
6,51
3,52
6,55
0,37
3,31
0,16
5,67
0,3
3,36
2,21
1,26
0,33
6,79
20,97
10,34
0,3
4,31
3,22
4,86
0,4
35,107
4,10
145,315
1,32
3,18
0,9
16,44
3,14
4,31
1,18
1,35
0,26
3,19
1,29
4,24
77,377
1,12
46,264
0,15
5,33
9,47
1,26
2,25
0,16
18,153
88,268
129,407
0,12
0,10
57,256
5,45
0,2
2,13
1,8
7,17
0,20
0,6
0,28
26,117
3,17
7,38
8,55
0,7
742,2564
0,28
6,21
16,98
5,29
0,8
4,27
3,35
12,154
13,41
0,7
3,30
4,28
0,25
0,16
14,54
2,38
3,27
1,19
63,106
9,90
1,16
1,22
1,17
104,362
36,177
9,52
38,131
1,32
5,36
0,3
0,56
0,17
3,18
5,37
0,2
0,4
0,1
1,21
8,87
1,3
57,242
6,25
12,108
96,296
0,6
45,129
4,26
0,5
0,4
1,22
2,25
2,26
0,24
2,26
1,33
0,5
0,16
8,44
4,53
5,78
11,97
0,3
0,4
1,21
79,314
0,16
7,39
2,24
0,7
6,47
3024,6957
0,1
3,55
0,7
1,19
58,266
31,262
0,7
1,37
0,4
2,10
3,31
5,32
0,9
204,373
72,206
0,13
2,15
36,234
2,54
1,45
1,35
1,19
0,11
6,57
1,7
22,216
0,20
0,29
2,33
2,26
0,12
116,475
4,68
1,22
4,60
1,14
23,176
2,31
6,39
15,63
0,11
0,29
0,22
16,108
151,506
20,106
39,176
682,2503
3,40
250,651
169,579
1,29
672,1742
4,14
107,288
7,16
0,17
433,1278
3,26
4,27
40,225
3,19
2,61
16,88
1,23
6,16
13,42
15,57
0,6
5,28
1,10
0,15
0,2
393,1037
1,24
3,8
14,47
0,2
2,25
1,21
0,3
18,116
30,136
1281,4371
55,166
0,17
7,34
2,28
48,248
1,40
13,70
13,70
3,10
37,106
14,80
5,63
2,15
2,26
3,24
0,6
1,9
0,27
1493,3368
0,4
4,26
0,2
966,3167
10,115
20,93
65,206
334,3136
3,93
111,445
0,12
0,12
123,314
1,72
289,497
0,6
35,70
2,25
9,113
33,105
776,1227
7,35
3,25
0,9
4,18
3,50
89,361
11,64
2,22
0,3
0,6
5,69
22,86
93,271
8,50
8,73
0,2
63,170
5,48
89,365
1,33
0,2
0,7
0,19
8,41
11,82
0,44
0,5
1,18
0,83
4,43
210,582
0,4
0,17
6,35
16,180
0,16
10,57
3,22
2,28
121,320
0,11
0,2
0,11
0,20
42,144
2,65
118,300
2,21
0,6
0,2
0,3
1,15
191,571
0,5
5,63
0,15
2,41
0,4
1,35
31,87
3,16
18,253
1,9
0,16
12,142
11,61
0,7
12,30
29,95
0,5
4,38
2,27
57,112
93,350
2,26
1,28
25,94
1,15
10,59
3,37
3,61
2,21
4,69
1,29
5,53
4,36
0,43
0,31
49,281
53,155
7,43
1,30
0,16
437,1254
6,46
5,55
0,5
6,25
17,56
0,14
3,19
8,25
6,52
25,250
2,14
1,7
196,453
0,13
2,32
237,435
13,52
5,70
0,2
0,2
0,5
0,9
4,115
0,13
4,28
0,23
0,25
1,13
0,16
10,37
2,24
1,11
3112,8600
2,19
0,9
0,20
3,24
0,17
1,4
0,3
4,33
2055,4973
5,37
0,5
1,15
12,68
17,65
0,2
3,11
1,22
26,125
0,3
2,22
4,23
0,8
0,12
65,196
41,199
2,20
19,29
4,24
3,23
12,57
81,298
36,149
3,105
11,121
0,5
10,67
0,6
2,27
2,29
1,21
3,31
12,114
3,18
0,25
0,6
83,159
2,6
42,86
1,29
18,61
1096,2307
15,77
0,17
133,310
0,17
2,24
0,6
0,13
0,30
5,14
2,20
0,14
1,7
0,4
2,49
0,3
47,93
0,3
24,80
8,110
7,50
0,1
0,4
0,5
7,51
34,184
1,11
1,16
0,2
4,16
0,7
1,7
0,4
0,4
9,96
8,29
1214,2833
10,134
1,20
27,129
0,3
4,60
0,12
0,14
0,6
0,15
0,11
11,73
0,13
1,18
14,43
2,7
0,0
0,4
67,205
9,88
2,28
377,1293
1,32
3,70
0,65
1,50
55,235
3,19
0,6
0,7
0,3
1,21
1,42
11,70
5,43
114,2771
198,943
4,21
5,31
27,91
1,10
5,9
0,11
69,353
7,38
2,11
1,24
209,764
32,190
0,2
35,106
3,38
0,8
1,22
16,133
130,396
16,82
33,188
0,2
10,65
1,4
159,1262
8,31
1,32
4,21
0,9
28,142
1,3
0,16
48,260
26,137
21,71
0,8
213,980
5,40
510,1384
0,28
22,99
19,108
358,952
1,4
13,55
42,232
2327,5517
4,41
4,27
1,14
1,79
1,11
3,49
235,891
14,60
28,118
32,138
7,48
46,363
0,3
1,22
3,21
3,55
35,170
1,29
0,5
0,31
15,88
0,50
83,382
3,51
1,10
2,29
4,75
0,18
5,37
0,47
6,32
7,77
0,18
0,9
5,45
2,40
1834,4416
1,93
12,75
0,10
2,16
0,5
0,4
72,201
0,6
60,202
0,8
187,594
0,6
0,11
0,10
13,85
5,40
0,10
3,115
2,68
25,89
13,54
5,21
0,7
62,210
4,20
8,60
0,2
43,156
1,15
0,1
1,55
0,45
1,7
4,27
18,69
0,15
737,1573
0,6
0,23
7,37
26,51
0,15
359,791
1,33
0,21
1,24
9,35
0,10
3,42
1,21
0,6
0,1
2,14
12,86
0,5
12,120
18,67
0,1
39,173
5,39
10,72
0,19
0,19
0,6
0,19
0,3
30,105
0,9
22,93
8,110
32,132
28,91
2,10
1,55
0,8
6,31
1,18
11,69
31,155
16,40
8,48
2239,5610
37,105
37,147
113,291
1388,3373
0,6
6,61
0,10
0,13
17,82
9,94
0,14
262,554
1,18
0,2
0,17
0,18
43,171
1,14
10,134
51,184
3,21
59,187
5,93
6,65
2,24
3,58
6,59
10,96
10,65
0,19
10,28
0,11
0,10
7,63
90,168
18,39
1,49
0,8
7,52
0,16
1,36
6,31
1,29
21,110
0,4
4,25
321,1129
169,522
0,105
1,25
3,20
2,52
11,50
12,54
7,69
11,72
296,711
89,160
163,584
1,16
0,17
1,30
1,15
9,68
7,52
0,2
0,31
0,25
0,9
0,15
1,14
155,525
25,98
166,521
10,71
1,19
1,32
0,1
0,25
1,33
0,5
0,3
0,3
4,33
697,1386
1,36
12,74
1,35
0,6
13,64
5,70
1,49
107,381
0,6
2,51
0,15
0,3
0,3
3,22
0,12
2,24
2,36
0,2
17,175
1,20
61,287
5,32
5,45
15,62
42,142
15,60
1,41
75,316
0,5
3,52
0,2
1,23
16,42
6,41
246,798
2047,5172
13,68
1,22
0,6
15,67
3,35
12,67
2,10
5,96
6,51
1,27
16,105
18,48
876,2371
0,10
17,52
26,106
0,8
1,17
131,179
0,3
0,2
25,97
4,34
0,5
4,20
0,13
1,8
2,22
0,8
19,145
11,63
15,76
2,28
11,41
0,3
0,24
9,41
1,24
0,3
1,19
1,46
13,45
0,14
0,6
16,61
0,9
24,71
1,10
0,5
1,15
77,378
0,2
8,54
0,5
47,192
3,35
2269,6821
0,1
0,1
12,47
2,25
0,12
4,7
25,83
1,23
8,31
19,155
18,59
0,6
0,23
0,2
97,316
5,48
42,118
8,56
4,35
27,115
1,18
0,10
0,5
0,3
24,99
0,7
15,81
13,23
56,230
2,18
67,118
0,6
3,43
9,28
3,53
0,3
48,128
302,693
246,548
192,566
2,27
11,83
19,54
7,41
35,96
11,81
97,422
7,22
1,38
5,18
1,4
0,5
0,29
6,35
25,109
170,512
15,55
50,182
48,128
0,1
46,180
529,2115
152,889
0,5
94,255
0,1
9,24
1,19
180,540
0,13
28,148
19,110
73,191
49,174
102,446
0,8
1,22
12,68
3,40
80,333
26,108
12,66
14,79
115,313
107,253
21,119
14,74
0,15
1,9
18,27
25,130
27,109
6,27
4,12
1,7
0,9
6,48
11,32
3,14
4,30
7,84
12,96
0,21
0,20
51,155
4,60
0,1
2,23
1,19
0,8
3,42
1,47
10,75
0,15
0,4
5,48
4,119
16,34
2,75
0,7
101,276
83,407
7,23
37,281
9,81
77,248
15,79
0,9
0,19
9,83
11,61
0,3
2,10
0,28
2,26
51,247
93,296
3,76
6,23
513,2204
1,11
0,1
1,19
0,25
4,25
18,105
30,200
0,26
14,55
25,124
8,65
0,23
0,3
5,70
21,163
0,5
30,155
3,21
3,32
0,15
1,12
0,4
0,10
6,29
12,118
2,89
1,10
0,31
1,16
4,32
10,119
159,461
3,22
16,124
647,1720
0,11
100,322
1,11
5,47
50,279
31,164
34,897
4,41
1,8
71,238
218,797
2,48
9,59
1,12
59,685
51,201
0,21
1,53
50,161
17,73
0,31
3,11
9,27
0,84
13,148
35,102
3,15
1,35
1870,6213
0,5
8,45
0,11
5,33
0,2
0,25
0,11
67,178
8,26
0,5
0,18
7,28
1,6
1222,2978
2,18
0,13
17,137
1,16
1,40
286,765
1,38
1,16
12,86
3,39
3,31
2,19
2,19
2,48
3,60
5,30
0,9
0,29
3,34
0,54
10,64
2,34
1,16
2,31
5,24
1,28
103,385
7,87
8,89
1,33
3,43
6,30
19,133
1,18
84,196
9,70
490,1144
41,156
0,9
0,17
16,50
7,74
8,76
452,1147
1,26
195,621
1,25
8,43
34,74
8,49
95,540
0,29
3,23
127,356
24,81
160,445
10,73
2,20
5,94
4,34
0,14
1,7
0,22
2,15
29,165
0,2
39,188
161,320
148,327
16,74
125,353
1,15
17,142
5,69
16,73
0,17
1,11
10,69
2,31
11,39
2,45
0,6
33,185
2,20
10,148
0,5
11,80
40,207
3,20
0,3
29,100
208,427
4,19
0,3
31,195
0,16
0,4
0,37
0,8
5,22
4,26
0,25
9,74
0,6
4,10
75,267
2,107
3,14
131,360
0,20
16,73
4,31
35,123
0,45
1,63
0,12
97,530
6,24
25,88
7,22
1,29
13,168
0,2
0,1
3,23
2,20
0,11
16,68
0,20
1,42
6,69
0,17
93,219
6,33
11,133
2,18
37,137
0,2
20,89
42,133
144,227
0,3
3,33
45,217
1,21
1,49
0,12
3,9
12,58
2,29
2,29
3,50
92,645
16,93
9,194
1,17
0,6
33,89
6,37
0,11
30,198
31,136
84,286
0,11
5,46
2,12
653,1495
138,340
7,64
1,33
2,57
3,23
14,123
4,62
22,114
5,145
18,146
74,208
16,102
7,54
5,24
68,242
46,183
1541,4358
37,267
8,23
1,48
0,7
0,9
18,51
49,159
0,5
0,12
32,142
116,716
0,22
7,22
3,65
3,45
28,87
1,36
2,6
0,3
618,1686
7,52
3,32
41,129
3,10
63,169
0,17
18,188
0,13
27,113
14,49
32,182
2,51
31,100
70,169
0,23
2,25
6,40
2,21
32,170
0,8
1132,3335
320,769
36,203
28,135
0,6
6,65
1,21
2,26
155,461
26,132
2,25
1,24
3,24
0,3
3,42
1,36
0,25
14,82
13,102
0,10
1,23
29,168
7,43
18,67
0,4
20,58
3,27
0,6
462,1127
0,6
2,13
7,50
5,41
6,62
0,7
1,42
9,35
0,26
0,4
0,13
7,90
27,85
121,380
0,18
98,340
18,65
1,21
6,48
0,42
14,54
111,458
3,36
0,2
11,54
0,23
0,30
0,8
1,13
365,780
33,114
0,32
2,16
0,23
53,203
23,66
1,42
4,37
24,103
7,24
0,43
58,227
0,10
62,121
2,25
2,15
0,3
0,4
0,2
60,234
0,3
5,55
0,4
10,31
0,15
48,126
23,114
16,78
0,5
6,35
3,24
2,15
2,32
3,21
7,37
3,23
1315,2907
7,59
3,49
391,1046
3,32
0,2
396,1198
26,106
1,9
6,42
26,74
14,67
0,2
122,422
4,23
0,2
14,114
0,6
27,98
0,3
20,112
5,50
1,21
0,1
166,421
8,44
0,5
1,11
2,31
2,31
1,16
4,88
0,17
0,13
0,7
8,52
0,13
6,66
0,14
14,55
0,8
81,285
13,59
0,8
0,5
0,1
4,85
103,459
0,15
2,34
9,43
102,338
23,71
2,27
34,130
2,3
932,4325
0,16
0,11
46,245
0,12
17,71
1343,3557
0,2
0,18
0,37
0,23
0,10
3,28
0,67
0,7
5,81
47,84
3,68
0,2
3,33
0,4
0,4
2,26
19,94
1,64
106,359
8,24
6,44
22,77
0,1
14,56
0,4
0,12
9,89
0,18
8,109
0,65
0,29
0,24
1,22
1,18
28,98
0,5
28,113
58,130
11,87
26,135
18,115
0,10
2,22
0,13
9,26
31,191
3,27
2,13
10,47
6,27
92,294
9,67
0,3
0,11
5,9
0,13
2,23
33,152
47,149
4,45
30,115
0,6
0,4
92,386
48,211
5,101
23,53
8,16
8,100
1,20
0,10
4,53
6,72
67,216
32,97
0,37
2,19
7,65
7,35
0,4
68,191
5,47
15,64
9,42
0,16
2,27
2,13
0,7
330,849
1,28
0,24
87,387
10,38
15,95
53,132
81,316
0,3
17,33
94,283
9,38
9,81
13,33
0,19
167,567
9,36
0,27
5,21
0,3
3,23
1,11
172,287
0,11
1,23
3,50
9,66
28,98
2,33
3,18
2,20
5,55
3,33
4,63
4,50
0,54
5,47
1,11
0,8
0,9
0,21
2,25
14,97
41,176
43,195
0,5
32,148
13,103
2,7
10,152
12,130
0,5
8,45
0,38
2,21
5,38
34,106
0,13
0,10
0,1
5,61
17,85
0,7
40,287
6,51
20,61
3,42
12,27
0,5
2,23
5,25
16,118
94,380
0,28
0,50
1,19
452,936
262,649
0,19
0,40
2,73
7,34
5,58
7,40
2,28
88,272
370,1068
5,59
0,3
5,114
4,78
587,2038
4,22
239,648
2,13
10,39
4,33
9,105
4,63
38,268
16,75
8,39
78,198
1,17
29,79
1,21
3,72
60,173
37,152
4,80
25,196
11,58
5,33
0,15
3,47
7,55
17,117
170,480
10,36
0,4
19,84
4,18
141,337
964,2588
4,16
1,14
0,5
1,18
9,42
10,168
7,47
0,14
3,9
71,156
1,47
1,13
0,25
0,3
2,28
57,150
0,4
0,1
3,55
0,27
1,12
0,14
7,52
1,14
1,39
9,77
5,24
0,13
2,50
0,9
6,35
0,6
1,45
33,147
3,39
1,12
3,28
11,66
1,23
2,64
327,849
10,67
0,8
0,2
2,24
6,35
0,24
44,173
34,228
41,144
9,87
0,27
21,230
14,106
2,10
7,56
3,32
0,3
43,253
3,54
4,23
2,22
0,8
244,685
9,62
0,4
2,38
1,23
1,41
29,131
13,70
0,25
4,39
0,2
0,9
0,4
1,2
11,62
1,18
0,32
4,82
5,34
3,17
0,13
0,9
3,22
5,19
210,624
46,163
0,10
14,50
0,19
158,387
0,6
4,24
95,168
0,3
99,352
1,38
3,50
118,408
0,5
0,2
2,25
1,14
3,15
1,11
0,41
0,10
4,18
0,16
3,68
0,8
161,395
139,556
620,3202
10,48
5,44
0,16
0,2
0,23
88,343
3,24
8,35
1,9
1,17
4,34
21,99
9,53
3,17
199,332
3,33
57,532
2,46
3,35
30,125
0,14
40,272
82,273
0,3
3,26
1,42
64,201
1,59
4,42
3,41
0,6
114,413
0,7
5,40
6,21
3,21
1,15
169,626
2,32
20,123
17,78
134,847
0,31
2,28
2,35
40,171
7,54
28,102
1,17
15,51
4,34
0,21
11,86
1,14
1,28
3,22
0,10
9,140
38,92
1,24
3,23
0,3
14,42
9,30
26,164
0,5
19,87
0,12
0,11
36,250
0,5
4,18
601,1261
7,49
1,22
385,1107
0,2
21,92
0,9
0,5
0,28
4,43
5,38
264,775
8,45
3,18
16,54
27,125
6,41
22,99
2,55
73,230
73,176
1,31
0,21
0,2
3,63
539,2172
1,26
0,37
14,65
3,33
44,118
5,93
111,622
2,24
6,39
0,12
2,15
2,32
0,3
11,71
0,12
3,42
7,37
3,72
0,10
26,111
3,28
0,10
1,18
68,186
3,22
99,288
4,21
1,16
18,95
1,47
2,39
4,44
12,109
0,12
7,83
2,40
31,73
29,122
74,276
1,21
4,29
5,35
1,10
0,8
60,233
3,49
0,8
0,4
3,23
0,28
9,49
0,4
2,43
4,31
4,29
6,56
102,431
18,71
5,44
3,17
8,67
0,3
13,44
0,6
0,7
6,66
0,5
37,110
10,38
0,8
6,52
2,15
56,129
9,44
23,96
6,122
10,46
2,33
4,76
1,50
2,24
10,95
3,50
0,12
0,26
11,32
0,14
0,17
31,102
0,8
4,30
0,2
3,39
17,64
4,53
2,25
4,34
3,66
1250,4197
5,41
4,82
74,203
0,7
29,99
0,26
9,96
0,8
3,25
2,12
6,41
3,20
4,34
1,21
6,44
17,68
0,9
15,70
5,32
16,78
79,280
1,44
0,11
0,6
2,31
3,38
55,216
6,39
1,11
38,113
0,30
0,31
0,6
7,54
4,31
4,52
2,55
20,65
0,2
1,45
0,5
11,55
1309,3738
31,110
5,39
0,4
15,99
9,41
3,37
0,22
4,24
39,130
1,44
0,17
0,2
21,127
0,7
12,57
255,659
2,27
1,13
3,20
6,58
13,41
0,5
3,35
3,22
3,28
5,20
0,14
16,94
0,19
4,26
2,33
0,16
0,2
18,150
3,55
1,26
27,66
13,51
4,70
18,146
0,4
8,78
0,2
0,3
53,112
0,16
5,32
9,78
3,35
1,95
0,2
6,49
18,59
0,10
0,7
1,18
3,45
13,105
0,16
21,1064
9,58
0,3
6,77
0,37
0,8
11,65
0,30
2,27
2,29
60,189
3,28
0,6
2,44
7,91
1,17
0,3
0,29
0,11
0,21
0,3
0,14
572,1613
0,22
155,606
3,15
2,50
175,496
5,28
2,25
0,5
5,24
8,59
1,21
0,32
11,63
0,5
2,35
0,16
7,21
1,19
3,31
0,10
2,18
75,283
3,33
3,38
50,196
0,6
3,34
8,56
4,33
0,28
4,51
2,41
7,55
0,5
0,3
8,45
0,3
2,23
6,35
2,28
1,34
9,111
2,19
15,71
0,15
39,66
4,55
5,81
3,65
8,34
77,198
135,265
28,148
0,3
0,3
20,85
0,17
8,72
4,13
10,35
1,37
0,35
103,349
0,16
0,4
3,17
252,732
105,198
1,11
4,7
780,3068
1,64
4,24
0,18
58,378
40,140
1,12
0,3
3,18
13,77
374,1063
1,12
3,38
0,4
2,29
14,104
0,5
26,102
0,6
4,33
17,106
17,103
0,28
0,4
0,3
0,8
0,3
476,1473
0,2
2,41
5,50
0,5
1394,3037
19,99
5,35
0,15
0,3
5,65
0,22
44,217
1,24
128,420
1,14
31,117
0,18
0,11
100,256
293,1306
34,110
0,15
1,26
0,2
0,12
1,15
3,14
80,340
1,30
12,33
229,803
7,43
4,26
12,51
0,13
3,31
1,6
48,147
2,15
4,35
0,4
125,409
32,96
80,304
180,440
2,28
0,3
0,13
20,72
0,5
3,7
0,15
217,714
0,19
0,17
85,214
213,698
1,51
39,137
8,23
123,301
11,105
0,18
0,10
3,22
9,61
15,126
1,31
3,48
0,24
25,109
1,15
135,374
0,24
0,8
28,131
0,11
9,61
4,51
4,30
3,23
11,86
29,113
1,5
0,3
54,206
0,3
32,150
22,62
0,33
11,75
11,56
15,155
615,1583
1,18
4,35
9,37
2,14
4,37
620,1453
8,86
5,31
0,38
2,46
0,42
0,2
22,77
4,48
12,52
0,1
11,85
49,150
8,42
2,67
0,54
0,14
0,3
4,51
0,5
0,3
1,24
0,8
0,13
69,407
0,10
1,8
3,18
3,31
29,93
19,45
0,12
2,46
2,33
2,18
23,50
8,23
48,103
1,12
5,38
0,21
2,4
10,57
25,104
2,14
3,18
5,43
0,1
0,7
33,137
2,24
1,7
37,111
12,79
7,59
0,3
0,4
4,46
0,4
56,206
11,75
7,89
0,11
221,831
203,627
0,13
43,192
164,769
21,66
0,3
0,7
2,19
2,44
0,10
14,60
87,317
2,33
29,93
81,194
4,20
1881,3923
12,93
0,5
3,26
166,374
4,49
2,13
0,10
2,25
2,45
1,18
10,69
3,22
3,23
1,30
9,11
1,29
0,4
1,27
0,22
2,18
15,57
4,51
2,39
0,50
0,16
0,26
0,8
0,1
0,27
3,18
7,47
1,15
0,24
1,22
0,28
0,65
0,11
0,2
1,24
13,65
1,46
2,31
13,113
2,39
0,8
4,75
3,63
1,27
4,39
2,18
5,33
4,26
2,36
3,25
0,8
0,19
0,28
6,37
2,17
4,60
208,560
3,50
0,6
0,59
5,276
0,21
0,16
1,22
2,19
4,23
4,43
0,17
11,79
1,24
16,91
3,35
8,48
0,5
1,21
8,80
1,15
8,123
1,13
0,42
3,69
5,59
4,29
4,26
3,23
7,33
7,56
310,1110
0,3
0,5
201,716
150,289
13,69
7,78
1,38
70,304
1,25
95,395
0,3
0,20
3,5
1,21
0,2
0,3
1954,4283
6,23
0,0
19,99
283,883
0,7
94,361
0,17
1,16
49,212
0,18
33,110
2,11
14,75
35,119
0,2
0,8
0,9
7,60
1,20
4,31
2,28
0,4
0,17
16,95
10,66
5,49
24,93
1,16
30,158
2,9
20,105
0,11
16,74
17,136
4,42
15,114
8,97
0,3
9,51
0,2
0,3
9,73
3,50
3,55
0,2
2,11
2,16
60,209
11,32
4,12
16,71
1,33
376,897
1,22
1,72
2,34
1,23
0,7
1,33
371,1059
4,43
81,373
124,308
1,6
14,117
4,50
0,13
46,85
1,21
0,5
0,3
0,33
195,589
4,15
0,27
10,64
1,9
0,31
11,46
6,89
4,28
20,77
1,45
14,69
1,28
2,21
2,6
113,294
16,212
0,9
0,8
8,50
0,5
215,584
8,41
4,26
0,6
7,25
154,499
2,60
112,492
6,38
0,9
3,69
1,14
4,24
1,27
3,24
0,18
23,180
0,1
364,1125
0,7
0,7
0,3
74,279
4,20
1455,3136
3,42
16,148
2,24
0,3
101,295
0,7
1,15
5,17
0,9
3,67
22,99
3,22
10,64
5,59
2,23
7,106
72,154
1,29
15,98
34,144
57,457
30,213
1,25
3,53
1,36
3,47
22,66
0,2
36,153
5,33
66,168
0,11
66,216
9,113
0,7
2,18
3,18
2,21
14,130
1,13
17,80
4,171
59,178
8,38
7,62
158,435
55,185
6,26
10,50
6,67
2,56
5,58
0,5
0,2
0,21
622,1060
0,3
0,3
17,52
0,6
12,65
23,268
4,39
422,801
0,10
1,13
9,52
60,129
0,25
0,28
0,8
3,50
36,154
5,28
11,40
1012,3118
2,14
0,20
5,22
2,23
0,4
0,18
0,2
0,11
61,247
0,13
1,4
0,9
169,756
148,432
0,18
6,48
757,1658
2,27
0,8
5,48
4,51
0,1
2,17
1,19
1,11
8,42
2,18
0,17
26,75
0,1
0,7
0,5
0,22
0,53
4,17
21,59
10,77
26,156
2,55
0,19
3220,7583
7,61
0,2
15,51
0,4
9,48
5,31
15,111
3,26
0,4
1,20
0,29
0,8
0,22
2,20
10,39
0,58
7,51
355,1026
0,3
234,766
3,9
16,162
10,43
40,200
1,55
9,42
150,684
0,16
11,87
0,22
5,58
0,13
1,25
0,14
24,81
1,24
14,48
13,79
21,70
0,8
23,72
0,4
2,11
8,67
61,199
4,16
16,42
1,19
1,19
20,62
1,70
3,16
13,79
1,26
1,44
20,64
2,15
0,5
0,5
7,59
45,172
33,206
7,73
12,55
1,12
5,39
8,49
12,35
66,309
29,91
1,18
0,4
50,233
0,6
0,2
0,15
13,49
7,48
3,24
26,86
1,13
3,25
11,42
0,16
0,48
0,10
0,35
13,48
0,51
0,20
8,70
2,28
5,32
100,217
0,5
49,254
0,5
32,72
2,12
2,22
3,38
485,1285
7,14
425,1262
0,6
0,3
77,237
1,15
29,164
4,62
18,65
16,134
2,24
1,21
0,15
4,26
12,100
0,10
6,45
0,10
66,233
0,3
0,19
0,6
0,3
8,71
1,17
0,12
1,12
23,95
0,2
0,14
8,78
377,1196
9,60
1,10
449,1049
174,796
286,1596
3,64
36,168
3,35
29,139
17,69
2,21
2,30
1,10
0,5
0,6
4,30
3,21
0,3
0,7
0,9
29,81
656,1437
57,206
101,428
2696,7997
0,3
92,437
5,28
9,73
6,55
6,54
19,101
4,25
0,11
2,161
0,6
19,158
4,22
0,8
4,60
21,112
0,27
12,75
11,104
4,29
5,40
0,1
40,61
15,89
2,18
27,242
88,223
0,2
12,193
13,46
0,11
0,12
1,27
19,59
0,7
0,19
0,15
55,232
1,8
0,40
0,25
0,11
3,25
6,27
15,40
333,1760
281,682
0,9
2,37
27,72
48,287
53,271
0,1
0,2
7,69
1,81
62,177
197,405
13,81
45,163
17,95
10,30
18,88
1,13
32,170
689,1926
1,25
259,830
0,3
414,1173
9,68
50,195
7,54
4,42
18,56
11,100
6,46
8,42
2,16
0,11
0,3
30,119
0,16
116,491
1,16
0,17
0,24
0,5
30,123
1,71
2,25
32,154
0,13
8,77
6,32
61,345
0,3
13,48
0,56
0,5
16,71
0,7
13,56
3,26
7,44
11,67
0,9
3,27
2,44
0,19
2,33
3,29
0,7
1,16
13,125
1,25
4,46
9,56
0,16
2,21
0,52
0,31
23,44
15,236
0,9
7,27
24,40
1,24
3,34
0,14
0,24
10,46
0,15
0,20
0,6
1,8
1,24
1,16
0,9
15,78
30,157
0,28
0,31
0,17
1,34
0,8
0,7
0,2
1,5
4,99
3,121
8,35
1,48
10,115
17,478
1,23
2,15
5,55
4,62
0,30
11,45
4,46
0,52
3,44
6,32
4,55
2,26
46,81
0,10
3,33
18,119
0,38
39,178
3,22
4,50
0,6
5,31
4,26
6,56
0,4
1,13
15,87
1,20
5,37
99,352
2,29
3,34
1,16
5,40
4,43
18,129
5,39
5,24
1,36
0,3
1,31
6,15
0,14
8,36
0,12
63,258
0,19
2,20
0,7
8,40
10,87
0,43
12,95
0,1
9,117
9,42
2514,13324
0,5
20,88
6,59
3,36
2,34
8,64
7,63
16,113
0,23
13,80
3,36
1,34
2,39
5,24
3,19
3,24
11,80
26,80
0,12
1,20
3,15
10,59
3,33
7,106
1,57
5,44
2,13
1,42
32,56
6,101
3147,7074
0,4
1,30
0,4
17,53
2,22
0,5
88,680
2,26
2,43
1,51
0,24
11,73
0,3
0,17
0,30
2,32
0,9
15,116
1,35
1,18
20,118
16,82
0,21
1,61
4,26
3,29
23,86
22,96
0,32
10,85
12,123
7,52
6,21
0,5
2,31
1,15
0,24
1,28
1,24
0,24
65,168
6,47
5,36
3,37
11,60
2,23
11,49
13,57
9,35
153,560
5,36
8,32
16,35
76,222
1,9
12,173
1,25
3,31
0,9
2,30
8,42
2,9
0,14
1,13
200,734
601,1701
12,46
0,16
4,25
0,6
496,1868
11,73
36,136
0,5
0,7
7,48
10,68
17,75
0,14
56,171
0,36
3,23
3,13
28,69
0,5
2,18
0,17
0,21
2,24
4,43
1381,3564
1,12
97,288
2,28
3,21
8,79
520,1303
0,8
0,11
6,63
9,70
7,33
217,510
5,25
39,95
24,50
26,166
17,113
102,324
3,57
1,18
10,83
259,619
370,838
8,62
8,52
210,515
36,110
0,3
0,15
4,15
75,301
0,12
140,783
0,12
38,144
6,58
0,3
16,89
2,41
3,26
64,198
443,1209
3193,5837
14,92
3,45
0,3
5,24
114,433
13,156
7,43
0,6
322,951
1,34
68,165
41,94
1,23
3,17
0,3
3,15
0,16
1,37
0,5
18,126
9,58
4,47
2,31
33,177
0,18
123,499
4,94
28,62
0,2
0,31
3,44
24,76
0,54
81,179
0,17
1,6
1,48
8,74
16,116
15,74
83,184
409,1557
0,15
19,64
1,10
7,38
121,255
668,1571
1,29
1,16
7,37
89,309
0,3
0,5
0,24
0,13
0,18
6,33
3,24
0,36
2344,4802
125,497
27,177
132,427
6,33
0,16
1,20
1,15
0,10
26,125
0,8
3,43
8,72
1,17
0,3
2,35
4,44
1,24
0,20
122,507
4,35
0,4
1,15
12,57
3,35
0,3
0,4
2,8
5,52
4,27
9,51
0,13
2187,4843
2618,6237
6,59
2,34
6,42
9,22
593,1152
435,1031
219,649
107,436
5023,16521
186,602
12,87
8,23
1,12
0,7
4,79
362,816
1,19
0,57
8,26
31,102
82,215
0,12
0,19
47,169
0,23
6,17
62,171
0,1
7,61
0,16
3,84
15,62
6,47
4,22
0,4
1,16
0,6
0,15
1,20
5,60
3,75
34,155
0,6
0,16
3,22
1,23
5,41
31,145
37,132
2,57
8,25
0,20
0,4
1,23
27,185
0,9
1,7
0,10
0,8
0,20
12,103
4,49
23,259
13,84
1,12
0,9
0,13
10,42
2,27
14,102
0,4
5,28
321,879
0,23
213,634
81,285
1,17
4,51
6,43
0,27
12,150
0,9
0,26
0,62
157,322
8,55
0,4
206,726
0,14
2,54
1,6
0,20
0,4
189,416
0,6
12,89
3,29
2,67
1,34
6,38
0,15
316,896
9,72
0,10
251,669
0,12
3,60
9,60
63,286
2,12
0,7
0,1
2,41
0,2
0,15
0,12
0,9
0,6
27,128
1,11
0,2
0,5
1,38
4,37
0,16
5,39
0,4
23,101
1,19
0,6
0,12
0,12
197,538
0,55
6,21
755,1821
0,11
3,21
9,44
20,62
1217,3707
1,23
99,385
8,115
0,5
1,50
5,40
0,39
11,71
0,11
52,121
0,10
8,84
1,35
2,19
80,297
12,22
4,43
59,234
1,42
0,8
54,147
8,60
0,16
31,85
15,50
0,20
1,27
16,81
0,3
48,195
29,124
0,3
6,49
53,186
2,26
2,36
2,32
0,4
5,42
2,57
1,31
4,16
7,101
7,67
13,30
1,29
721,1818
15,60
2,17
3,53
19,181
0,6
0,5
5,53
1,58
3,16
4,28
1,29
151,391
0,7
0,27
0,7
25,109
15,73
0,4
6,37
10,51
597,1557
0,4
2963,6617
41,145
144,445
1,17
1,17
41,214
38,95
13,148
2,43
1,26
159,1545
2,7
2,25
43,170
17,92
3,23
9,67
0,2
1,59
0,15
13,60
14,53
0,3
0,24
32,87
0,14
4,39
27,120
0,7
8,70
12,91
278,605
1,21
39,222
0,6
3,43
5,31
41,167
21,95
0,5
36,173
5,11
0,14
70,362
7,37
199,1109
2,35
22,93
30,116
890,2774
2,52
3,28
1,22
0,9
17,121
26,88
11,55
3,29
126,324
41,133
5,15
19,52
0,11
6,103
15,81
2,27
1,16
6,45
104,608
2,17
0,16
2,35
69,214
0,11
19,70
2,4
0,35
12,44
2,30
633,1540
3,25
3,24
11,60
8,109
2,91
1,2
4,32
3,24
3,40
1,73
8,92
0,10
0,28
135,445
0,16
1,17
0,3
0,23
29,155
3,22
11,72
6,57
0,20
5,26
6,61
1,33
18,113
0,2
1,39
21,142
3,17
27,136
0,3
4,23
0,18
1,25
3,35
33,144
2,120
5,26
2,23
1,12
0,9
0,6
0,27
5,18
0,155
2,30
21,120
0,9
43,106
0,4
4,33
9,77
1,22
1,13
3,53
215,693
1,9
25,158
36,130
0,6
2,36
0,34
1,31
39,108
0,11
1,18
1,19
283,686
0,12
11,103
9,52
16,92
0,4
7,47
20,122
2,23
2,21
9,115
3,43
0,2
0,14
13,85
0,5
0,60
2,46
3,28
0,5
2,15
10,30
16,110
9,64
2,51
26,130
0,35
6,69
7,120
0,6
20,110
0,1
0,4
5,49
41,200
4,25
9,109
0,11
1,27
8,61
0,2
63,621
2,19
1,20
2,16
3,32
4,30
5,71
20,53
1,36
4,57
0,3
45,128
5,37
11,78
17,73
2,17
2,38
0,4
0,2
13,47
1,30
4,31
0,24
1,12
11,77
2,29
0,16
0,14
0,18
1,19
45,311
0,42
6,43
9,67
0,15
1,13
1,16
6,58
2,49
3,20
14,77
6,20
1,26
1,26
7,58
7,39
0,39
12,66
14,143
3,33
3,95
3,32
1,20
0,14
3,37
2,36
3,21
3,33
1,14
0,16
3,28
0,30
4,21
5,32
2,12
0,9
5,60
232,546
10,64
0,39
0,47
0,4
6,70
2,16
4,36
1,54
2,30
3,37
0,35
0,4
84,421
0,40
0,43
1,30
0,32
0,8
2,34
25,121
5,51
0,3
1,25
0,21
3,12
1,19
3,82
4,26
8,43
0,11
0,27
2,30
0,6
4,23
4,44
1,18
11,70
8,101
4,20
4,32
0,26
19,112
0,26
5,58
2,17
2,36
10,97
5,44
0,2
0,25
14,117
17,315
5,53
7,93
1,31
0,19
4,18
2,32
8,51
7,45
2,29
0,26
9,44
3,29
2,37
0,5
3,32
0,5
1,22
5,44
3,43
0,17
0,5
164,508
1,24
5,53
12,99
0,2
0,3
9,78
1,26
16,99
5,97
1,13
0,4
1,43
14,77
3,23
7,30
9,38
0,15
1,40
2,53
8,60
6,66
1083,2498
13,961
6,49
1,16
0,17
18,47
1,18
1,28
0,7
0,19
0,6
12,83
24,112
0,13
4,52
20,116
21,210
0,27
0,5
37,57
1,52
6,71
1,35
34,140
9,47
2,54
6,39
1,18
1,21
0,30
6,49
148,529
3,24
3,41
158,425
7,51
15,94
0,3
1004,2147
7,38
1,35
5,39
6,21
3,25
0,23
0,4
3,48
1,28
12,61
6,72
0,7
1,11
0,23
4,30
1,18
4,19
1,37
4,28
3,22
0,6
2,16
319,1015
27,129
0,17
0,4
2,23
3,38
2,55
0,19
2,13
2,27
1,22
3,35
3,51
0,26
0,16
4,37
3,29
141,581
2,28
10,67
2,25
0,20
1,23
13,83
0,16
0,8
1,54
0,24
0,56
1,26
0,3
8,45
9,75
2,15
0,9
1,28
6,28
7,38
10,46
1,18
11,70
2,24
0,16
0,19
10,119
0,4
2,53
0,6
5,57
3,27
4,39
7,41
23,85
0,34
24,85
0,1
0,21
7,75
2,40
5,23
13,113
0,6
3,21
3,28
13,38
0,17
7,34
7,79
2,14
4,27
24,130
3,124
3,93
6,31
1,25
7,85
1,24
0,2
5,44
1,22
26,94
4,28
0,14
1,21
56,419
14,69
0,6
2,73
3,36
0,2
4,44
0,33
4,17
0,5
0,16
2,44
0,14
38,183
3,21
12,99
4,31
60,216
1,14
1,20
2,53
6,40
0,2
135,622
0,12
1,20
0,6
17,111
0,6
9,95
0,22
4,45
4,20
0,5
0,19
17,147
8,84
0,10
2,28
11,90
4,25
1,20
9,104
5,27
0,6
0,18
1,16
2,26
10,38
0,10
2,66
268,815
0,32
0,6
7,65
0,9
7,52
0,8
18,95
1,31
12,93
1,25
1,31
3133,8609
119,394
9,119
1,22
20,109
3,40
8,35
0,6
2,53
121,362
8,41
43,150
194,359
16,50
27,35
7,48
42,186
4,24
1845,3782
1541,2946
0,3
3,27
3,44
1,22
488,1647
0,15
0,4
6,59
1,12
